384399.9805178231, 122.19640721270554, 0
384399.97713550075, 132.37944075893148, 0
384399.9734825926, 142.56247421198427, 0
384399.9695590987, 152.74550756470134, 0
384399.96536501904, 162.9285408099147, 0
384399.9609003536, 173.11157394045634, 0
384399.9561651024, 183.29460694915824, 0
384399.9511592655, 193.4776398288524, 0
384399.94588284276, 203.6606725723708, 0
384399.9403358343, 213.8437051725454, 0
384399.93451824004, 224.02673762220826, 0
384399.92843006004, 234.2097699141913, 0
384399.92207129434, 244.39280204132652, 0
384399.91544194287, 254.5758339964459, 0
384399.9085420057, 264.75886577238145, 0
384399.90137148276, 274.9418973619652, 0
384399.8939303741, 285.12492875802906, 0
384399.8862186798, 295.30795995340503, 0
384399.8782363997, 305.49099094092514, 0
384399.86998353386, 315.6740217134214, 0
384399.86146008235, 325.8570522637257, 0
384399.8526660452, 336.0400825846701, 0
384399.8436014223, 346.22311266908656, 0
384399.83426621376, 356.4061425098071, 0
384399.82466041954, 366.5891720996637, 0
384399.8147840396, 376.7722014314883, 0
384399.80463707406, 386.955230498113, 0
384399.79421952285, 397.1382592923697, 0
384399.783531386, 407.3212878070904, 0
384399.7725726635, 417.50431603510714, 0
384399.76134335535, 427.68734396925186, 0
384399.74984346156, 437.87037160235656, 0
384399.7380729822, 448.0533989272532, 0
384399.72603191715, 458.23642593677386, 0
384399.71372026653, 468.41945262375043, 0
384399.70113803033, 478.60247898101494, 0
384399.68828520854, 488.78550500139943, 0
384399.67516180116, 498.9685306777358, 0
384399.66176780825, 509.1515560028562, 0
384399.64810322976, 519.3345809695925, 0
384399.63416806574, 529.5176055707766, 0
384399.6199623162, 539.7006297992407, 0
384399.6054859811, 549.8836536478167, 0
384399.5907390605, 560.0666771093365, 0
384399.57572155434, 570.2497001766322, 0
384399.5604334627, 580.4327228425359, 0
384399.54487478564, 590.6157450998794, 0
384399.5290455231, 600.7987669414948, 0
384399.51294567506, 610.9817883602141, 0
384399.49657524156, 621.1648093488692, 0
384399.4799342226, 631.3478299002921, 0
384399.4630226182, 641.5308500073149, 0
384399.4458404284, 651.7138696627695, 0
384399.4283876532, 661.8968888594881, 0
384399.41066429263, 672.0799075903024, 0
384399.39267034666, 682.2629258480445, 0
384399.3744058153, 692.4459436255464, 0
384399.35587069864, 702.6289609156403, 0
384399.3370649966, 712.811977711158, 0
384399.3179887092, 722.9949940049314, 0
384399.2986418365, 733.1780097897928, 0
384399.2790243785, 743.3610250585739, 0
384399.2591363352, 753.5440398041069, 0
384399.23897770664, 763.7270540192237, 0
384399.2185484928, 773.9100676967563, 0
384399.19784869376, 784.0930808295368, 0
384399.17687830946, 794.276093410397, 0
384399.1556373399, 804.4591054321692, 0
384399.1341257852, 814.6421168876851, 0
384399.1123436453, 824.8251277697769, 0
384399.0902909202, 835.0081380712766, 0
384399.06796760997, 845.191147785016, 0
384399.0453737146, 855.3741569038273, 0
384399.0225092341, 865.5571654205424, 0
384398.99937416846, 875.7401733279934, 0
384398.9759685177, 885.9231806190122, 0
384398.9522922819, 896.1061872864309, 0
384398.928345461, 906.2891933230815, 0
384398.9041280551, 916.4721987217958, 0
384398.87964006414, 926.6552034754061, 0
384398.8548814882, 936.8382075767443, 0
384398.82985232724, 947.0212110186424, 0
384398.80455258134, 957.2042137939324, 0
384398.7789822504, 967.3872158954463, 0
384398.75314133463, 977.570217316016, 0
384398.7270298339, 987.7532180484737, 0
384398.70064774825, 997.9362180856514, 0
384398.6739950777, 1008.119217420381, 0
384398.6470718223, 1018.3022160454946, 0
384398.61987798207, 1028.485213953824, 0
384398.592413557, 1038.6682111382015, 0
384398.5646785471, 1048.851207591459, 0
384398.5366729524, 1059.0342033064283, 0
384398.50839677296, 1069.2171982759417, 0
384398.47985000873, 1079.4001924928311, 0
384398.4510326598, 1089.5831859499287, 0
384398.42194472614, 1099.7661786400663, 0
384398.3925862078, 1109.949170556076, 0
384398.36295710475, 1120.1321616907899, 0
384398.33305741707, 1130.3151520370398, 0
384398.3028871448, 1140.4981415876578, 0
384398.27244628785, 1150.681130335476, 0
384398.2417348464, 1160.864118273326, 0
384398.2107528203, 1171.0471053940405, 0
384398.1795002097, 1181.2300916904512, 0
384398.14797701454, 1191.41307715539, 0
384398.1161832349, 1201.596061781689, 0
384398.0841188708, 1211.7790455621803, 0
384398.0517839222, 1221.9620284896957, 0
384398.01917838916, 1232.1450105570675, 0
384397.9863022717, 1242.3279917571276, 0
384397.9531555699, 1252.5109720827081, 0
384397.91973828373, 1262.693951526641, 0
384397.8860504132, 1272.8769300817582, 0
384397.85209195834, 1283.059907740892, 0
384397.81786291924, 1293.242884496874, 0
384397.78336329584, 1303.4258603425365, 0
384397.7485930882, 1313.6088352707116, 0
384397.71355229634, 1323.7918092742311, 0
384397.67824092024, 1333.9747823459272, 0
384397.64265896, 1344.157754478632, 0
384397.60680641566, 1354.3407256651772, 0
384397.57068328717, 1364.523695898395, 0
384397.53428957454, 1374.7066651711177, 0
384397.49762527784, 1384.8896334761769, 0
384397.4606903971, 1395.0726008064048, 0
384397.4234849324, 1405.2555671546336, 0
384397.38600888365, 1415.438532513695, 0
384397.34826225095, 1425.6214968764214, 0
384397.3102450343, 1435.8044602356445, 0
384397.2719572337, 1445.9874225841966, 0
384397.23339884926, 1456.1703839149095, 0
384397.19456988096, 1466.3533442206153, 0
384397.1554703288, 1476.5363034941463, 0
384397.1161001928, 1486.7192617283342, 0
384397.07645947306, 1496.9022189160112, 0
384397.03654816956, 1507.0851750500094, 0
384396.99636628234, 1517.2681301231607, 0
384396.9559138114, 1527.4510841282972, 0
384396.9151907568, 1537.634037058251, 0
384396.87419711857, 1547.8169889058538, 0
384396.8329328967, 1557.9999396639382, 0
384396.79139809124, 1568.182889325336, 0
384396.74959270225, 1578.365837882879, 0
384396.7075167297, 1588.5487853293996, 0
384396.6651701737, 1598.7317316577296, 0
384396.6225530342, 1608.914676860701, 0
384396.5796653113, 1619.0976209311464, 0
384396.536507005, 1629.2805638618972, 0
384396.4930781153, 1639.4635056457857, 0
384396.4493786422, 1649.646446275644, 0
384396.4054085858, 1659.8293857443039, 0
384396.36116794613, 1670.0123240445978, 0
384396.3166567232, 1680.1952611693575, 0
384396.2718749171, 1690.3781971114151, 0
384396.22682252777, 1700.561131863603, 0
384396.1814995553, 1710.7440654187526, 0
384396.1359059997, 1720.9269977696965, 0
384396.090041861, 1731.1099289092665, 0
384396.0439071392, 1741.2928588302948, 0
384395.9975018344, 1751.4757875256134, 0
384395.9508259466, 1761.6587149880543, 0
384395.9038794758, 1771.8416412104496, 0
384395.85666242207, 1782.0245661856313, 0
384395.80917478545, 1792.2074899064316, 0
384395.761416566, 1802.3904123656826, 0
384395.71338776365, 1812.573333556216, 0
384395.66508837853, 1822.7562534708643, 0
384395.6165184106, 1832.9391721024592, 0
384395.56767786, 1843.1220894438331, 0
384395.51856672665, 1853.3050054878179, 0
384395.46918501065, 1863.4879202272457, 0
384395.419532712, 1873.6708336549484, 0
384395.3696098308, 1883.8537457637583, 0
384395.319416367, 1894.0366565465074, 0
384395.2689523206, 1904.2195659960278, 0
384395.2182176918, 1914.4024741051514, 0
384395.1672124805, 1924.5853808667105, 0
384395.1159366868, 1934.768286273537, 0
384395.0643903107, 1944.951190318463, 0
384395.01257335226, 1955.1340929943206, 0
384394.9604858115, 1965.316994293942, 0
384394.90812768845, 1975.499894210159, 0
384394.8554989832, 1985.682792735804, 0
384394.8025996957, 1995.865689863709, 0
384394.74942982604, 2006.048585586706, 0
384394.69598937425, 2016.231479897627, 0
384394.64227834035, 2026.4143727893043, 0
384394.5882967244, 2036.5972642545698, 0
384394.53404452646, 2046.7801542862558, 0
384394.4795217465, 2056.963042877194, 0
384394.42472838465, 2067.145930020217, 0
384394.36966444086, 2077.328815708156, 0
384394.3143299152, 2087.5116999338443, 0
384394.25872480776, 2097.6945826901133, 0
384394.2028491185, 2107.877463969795, 0
384394.1467028475, 2118.0603437657214, 0
384394.09028599475, 2128.243222070725, 0
384394.0335985604, 2138.426098877638, 0
384393.97664054437, 2148.6089741792925, 0
384393.9194119467, 2158.79184796852, 0
384393.8619127676, 2168.9747202381527, 0
384393.8041430069, 2179.157590981023, 0
384393.74610266474, 2189.3404601899633, 0
384393.68779174116, 2199.5233278578053, 0
384393.6292102362, 2209.7061939773807, 0
384393.5703581499, 2219.8890585415224, 0
384393.51123548223, 2230.071921543062, 0
384393.4518422333, 2240.254782974832, 0
384393.39217840316, 2250.4376428296637, 0
384393.33224399184, 2260.62050110039, 0
384393.27203899936, 2270.803357779843, 0
384393.2115634258, 2280.9862128608543, 0
384393.15081727115, 2291.1690663362565, 0
384393.0898005355, 2301.3519181988813, 0
384393.0285132189, 2311.534768441561, 0
384392.9669553214, 2321.717617057128, 0
384392.90512684296, 2331.9004640384137, 0
384392.8430277837, 2342.0833093782508, 0
384392.78065814363, 2352.2661530694713, 0
384392.71801792283, 2362.448995104907, 0
384392.6551071213, 2372.6318354773907, 0
384392.5919257391, 2382.814674179754, 0
384392.52847377624, 2392.997511204829, 0
384392.4647512328, 2403.180346545448, 0
384392.4007581089, 2413.363180194443, 0
384392.3364944044, 2423.5460121446463, 0
384392.27196011954, 2433.72884238889, 0
384392.20715525426, 2443.9116709200057, 0
384392.1420798086, 2454.0944977308263, 0
384392.0767337826, 2464.2773228141837, 0
384392.0111171764, 2474.46014616291, 0
384391.94522998994, 2484.642967769837, 0
384391.8790722233, 2494.825787627797, 0
384391.81264387653, 2505.0086057296226, 0
384391.7459449497, 2515.191422068145, 0
384391.6789754428, 2525.3742366361976, 0
384391.6117353559, 2535.5570494266112, 0
384391.54422468913, 2545.739860432219, 0
384391.4764434424, 2555.9226696458522, 0
384391.40839161584, 2566.1054770603437, 0
384391.34006920946, 2576.2882826685254, 0
384391.27147622337, 2586.4710864632293, 0
384391.20261265757, 2596.653888437288, 0
384391.1334785121, 2606.8366885835335, 0
384391.064073787, 2617.0194868947974, 0
384390.9943984824, 2627.202283363912, 0
384390.9244525982, 2637.3850779837103, 0
384390.85423613456, 2647.5678707470233, 0
384390.7837490915, 2657.750661646684, 0
384390.7129914691, 2667.933450675524, 0
384390.64196326735, 2678.1162378263757, 0
384390.5706644864, 2688.2990230920714, 0
384390.4990951262, 2698.481806465443, 0
384390.42725518683, 2708.6645879393227, 0
384390.35514466837, 2718.847367506543, 0
384390.28276357084, 2729.0301451599353, 0
384390.2101118943, 2739.2129208923325, 0
384390.13718963874, 2749.3956946965664, 0
384390.0639968043, 2759.578466565469, 0
384389.990533391, 2769.761236491873, 0
384389.9167993989, 2779.9440044686107, 0
384389.842794828, 2790.1267704885136, 0
384389.7685196784, 2800.309534544414, 0
384389.69397395017, 2810.492296629144, 0
384389.6191576433, 2820.6750567355366, 0
384389.54407075787, 2830.857814856423, 0
384389.46871329396, 2841.0405709846355, 0
384389.3930852516, 2851.2233251130065, 0
384389.31718663085, 2861.4060772343682, 0
384389.2410174318, 2871.588827341553, 0
384389.1645776544, 2881.7715754273927, 0
384389.08786729875, 2891.9543214847195, 0
384389.01088636497, 2902.137065506366, 0
384388.93363485305, 2912.319807485164, 0
384388.85611276305, 2922.5025474139456, 0
384388.77832009504, 2932.685285285543, 0
384388.70025684906, 2942.868021092789, 0
384388.6219230252, 2953.0507548285154, 0
384388.54331862344, 2963.2334864855543, 0
384388.46444364387, 2973.416216056738, 0
384388.38529808656, 2983.5989435348984, 0
384388.3058819516, 2993.781668912868, 0
384388.22619523894, 3003.964392183479, 0
384388.14623794873, 3014.1471133395635, 0
384388.066010081, 3024.3298323739536, 0
384387.9855116358, 3034.512549279482, 0
384387.90474261314, 3044.69526404898, 0
384387.8237030132, 3054.8779766752805, 0
384387.7423928359, 3065.0606871512155, 0
384387.66081208136, 3075.243395469617, 0
384387.57896074967, 3085.4261016233177, 0
384387.49683884083, 3095.6088056051494, 0
384387.4144463549, 3105.7915074079447, 0
384387.33178329194, 3115.9742070245356, 0
384387.24884965207, 3126.156904447754, 0
384387.1656454353, 3136.339599670433, 0
384387.08217064163, 3146.522292685404, 0
384386.9984252712, 3156.7049834854993, 0
384386.91440932406, 3166.8876720635512, 0
384386.83012280025, 3177.070358412392, 0
384386.7455656998, 3187.253042524854, 0
384386.6607380229, 3197.4357243937698, 0
384386.57563976943, 3207.618404011971, 0
384386.49027093954, 3217.80108137229, 0
384386.4046315333, 3227.983756467559, 0
384386.31872155075, 3238.1664292906103, 0
384386.2325409919, 3248.349099834276, 0
384386.1460898569, 3258.5317680913886, 0
384386.05936814577, 3268.71443405478, 0
384385.9723758586, 3278.897097717283, 0
384385.88511299534, 3289.0797590717293, 0
384385.7975795562, 3299.2624181109513, 0
384385.70977554115, 3309.4450748277814, 0
384385.62170095026, 3319.6277292150517, 0
384385.5333557836, 3329.810381265594, 0
384385.4447400413, 3339.9930309722413, 0
384385.3558537233, 3350.1756783278256, 0
384385.26669682976, 3360.358323325179, 0
384385.1772693607, 3370.5409659571337, 0
384385.08757131617, 3380.723606216522, 0
384384.99760269624, 3390.9062440961766, 0
384384.90736350097, 3401.088879588929, 0
384384.8168537304, 3411.2715126876124, 0
384384.7260733847, 3421.454143385058, 0
384384.6350224638, 3431.6367716740992, 0
384384.54370096786, 3441.8193975475674, 0
384384.4521088969, 3452.002020998295, 0
384384.360246251, 3462.1846420191146, 0
384384.2681130302, 3472.367260602858, 0
384384.17570923455, 3482.549876742358, 0
384384.08303486416, 3492.7324904304464, 0
384383.99008991907, 3502.915101659956, 0
384383.8968743994, 3513.097710423718, 0
384383.8033883051, 3523.280316714566, 0
384383.7096316364, 3533.462920525332, 0
384383.6156043932, 3543.6455218488477, 0
384383.5213065756, 3553.8281206779457, 0
384383.42673818377, 3564.010717005458, 0
384383.3318992177, 3574.1933108242174, 0
384383.2367896774, 3584.3759021270557, 0
384383.1414095631, 3594.5584909068057, 0
384383.0457588747, 3604.7410771562995, 0
384382.94983761234, 3614.923660868369, 0
384382.85364577605, 3625.106242035847, 0
384382.75718336593, 3635.288820651566, 0
384382.66045038204, 3645.4713967083576, 0
384382.5634468245, 3655.653970199054, 0
384382.4661726933, 3665.836541116488, 0
384382.36862798856, 3676.019109453492, 0
384382.2708127103, 3686.201675202898, 0
384382.1727268586, 3696.384238357539, 0
384382.0743704335, 3706.5667989102462, 0
384381.9757434352, 3716.7493568538525, 0
384381.87684586365, 3726.93191218119, 0
384381.77767771896, 3737.1144648850914, 0
384381.6782390012, 3747.297014958389, 0
384381.5785297104, 3757.4795623939144, 0
384381.4785498467, 3767.6621071845007, 0
384381.37829941005, 3777.84464932298, 0
384381.27777840063, 3788.0271888021844, 0
384381.1769868185, 3798.2097256149464, 0
384381.0759246637, 3808.392259754098, 0
384380.9745919363, 3818.5747912124725, 0
384380.8729886363, 3828.757319982901, 0
384380.7711147639, 3838.939846058217, 0
384380.66897031915, 3849.122369431252, 0
384380.56655530207, 3859.304890094839, 0
384380.4638697127, 3869.4874080418094, 0
384380.36091355124, 3879.669923264996, 0
384380.2576868176, 3889.8524357572314, 0
384380.15418951196, 3900.034945511348, 0
384380.0504216344, 3910.217452520177, 0
384379.9463831849, 3920.3999567765522, 0
384379.84207416367, 3930.5824582733053, 0
384379.73749457067, 3940.7649570032686, 0
384379.632644406, 3950.947452959275, 0
384379.52752366976, 3961.129946134156, 0
384379.42213236203, 3971.3124365207445, 0
384379.31647048285, 3981.494924111873, 0
384379.2105380323, 3991.6774089003734, 0
384379.1043350104, 4001.859890879078, 0
384378.9978614173, 4012.04237004082, 0
384378.89111725305, 4022.2248463784313, 0
384378.78410251776, 4032.407319884744, 0
384378.6768172115, 4042.589790552591, 0
384378.56926133425, 4052.7722583748036, 0
384378.4614348862, 4062.9547233442154, 0
384378.35333786736, 4073.1371854536583, 0
384378.2449702778, 4083.3196446959646, 0
384378.13633211766, 4093.5021010639666, 0
384378.027423387, 4103.684554550497, 0
384377.9182440858, 4113.867005148388, 0
384377.8087942143, 4124.049452850471, 0
384377.6990737724, 4134.231897649581, 0
384377.5890827603, 4144.414339538548, 0
384377.4788211781, 4154.596778510205, 0
384377.36828902573, 4164.779214557385, 0
384377.2574863034, 4174.96164767292, 0
384377.1464130111, 4185.144077849642, 0
384377.035069149, 4195.326505080383, 0
384376.92345471703, 4205.508929357977, 0
384376.8115697154, 4215.691350675255, 0
384376.69941414415, 4225.873769025051, 0
384376.58698800334, 4236.056184400196, 0
384376.47429129307, 4246.238596793522, 0
384376.36132401344, 4256.421006197863, 0
384376.2480861645, 4266.60341260605, 0
384376.1345777463, 4276.785816010916, 0
384376.020798759, 4286.968216405294, 0
384375.90674920264, 4297.150613782015, 0
384375.79242907726, 4307.333008133913, 0
384375.67783838295, 4317.51539945382, 0
384375.5629771198, 4327.697787734567, 0
384375.44784528797, 4337.8801729689885, 0
384375.3324428874, 4348.062555149916, 0
384375.2167699183, 4358.244934270182, 0
384375.10082638066, 4368.427310322619, 0
384374.9846122746, 4378.609683300058, 0
384374.86812760023, 4388.792053195334, 0
384374.75137235754, 4398.974420001277, 0
384374.63434654666, 4409.156783710721, 0
384374.5170501677, 4419.339144316499, 0
384374.39948322077, 4429.521501811442, 0
384374.28164570587, 4439.703856188383, 0
384374.16353762307, 4449.886207440154, 0
384374.0451589725, 4460.068555559588, 0
384373.92650975427, 4470.250900539518, 0
384373.80758996843, 4480.433242372775, 0
384373.68839961506, 4490.615581052192, 0
384373.56893869425, 4500.797916570603, 0
384373.4492072061, 4510.980248920838, 0
384373.32920515066, 4521.162578095731, 0
384373.20893252804, 4531.344904088114, 0
384373.0883893383, 4541.52722689082, 0
384372.9675755815, 4551.709546496681, 0
384372.8464912578, 4561.891862898528, 0
384372.7251363672, 4572.074176089197, 0
384372.6035109099, 4582.2564860615175, 0
384372.48161488585, 4592.438792808323, 0
384372.3594482952, 4602.621096322447, 0
384372.23701113806, 4612.80339659672, 0
384372.1143034145, 4622.985693623975, 0
384371.9913251246, 4633.167987397045, 0
384371.8680762684, 4643.350277908763, 0
384371.7445568461, 4653.532565151961, 0
384371.6207668577, 4663.71484911947, 0
384371.49670630327, 4673.897129804125, 0
384371.3723751829, 4684.0794071987575, 0
384371.2477734968, 4694.2616812962, 0
384371.1229012449, 4704.443952089285, 0
384370.99775842734, 4714.626219570844, 0
384370.8723450442, 4724.808483733711, 0
384370.7466610956, 4734.990744570718, 0
384370.62070658157, 4745.173002074697, 0
384370.4944815023, 4755.355256238482, 0
384370.36798585777, 4765.537507054904, 0
384370.2412196481, 4775.7197545167965, 0
384370.1141828734, 4785.9019986169915, 0
384369.98687553377, 4796.084239348321, 0
384369.8592976293, 4806.266476703618, 0
384369.73144916, 4816.448710675715, 0
384369.6033301261, 4826.630941257446, 0
384369.4749405276, 4836.813168441641, 0
384369.34628036455, 4846.995392221134, 0
384369.2173496371, 4857.177612588757, 0
384369.08814834536, 4867.359829537343, 0
384368.95867648936, 4877.542043059725, 0
384368.8289340692, 4887.7242531487345, 0
384368.698921085, 4897.906459797205, 0
384368.56863753684, 4908.088662997968, 0
384368.4380834248, 4918.270862743856, 0
384368.307258749, 4928.453059027703, 0
384368.1761635095, 4938.63525184234, 0
384368.04479770636, 4948.8174411806, 0
384367.91316133976, 4958.999627035317, 0
384367.78125440975, 4969.1818093993215, 0
384367.6490769164, 4979.363988265447, 0
384367.5166288598, 4989.546163626526, 0
384367.3839102401, 4999.728335475392, 0
384367.2509210573, 5009.910503804876, 0
384367.1176613116, 5020.092668607811, 0
384366.98413100303, 5030.27482987703, 0
384366.8503301317, 5040.456987605366, 0
384366.7162586977, 5050.63914178565, 0
384366.5819167011, 5060.8212924107165, 0
384366.447304142, 5071.0034394733975, 0
384366.3124210205, 5081.185582966525, 0
384366.17726733675, 5091.367722882931, 0
384366.0418430908, 5101.54985921545, 0
384365.9061482827, 5111.731991956914, 0
384365.7701829126, 5121.914121100154, 0
384365.6339469806, 5132.096246638005, 0
384365.49744048674, 5142.278368563298, 0
384365.3606634312, 5152.460486868866, 0
384365.22361581394, 5162.642601547541, 0
384365.0862976352, 5172.824712592156, 0
384364.948708895, 5183.006819995545, 0
384364.8108495935, 5193.188923750539, 0
384364.6727197307, 5203.371023849972, 0
384364.5343193068, 5213.553120286675, 0
384364.3956483218, 5223.735213053481, 0
384364.2567067758, 5233.917302143223, 0
384364.117494669, 5244.099387548735, 0
384363.9780120014, 5254.281469262847, 0
384363.8382587731, 5264.463547278393, 0
384363.69823498424, 5274.645621588205, 0
384363.55794063496, 5284.8276921851175, 0
384363.4173757253, 5295.009759061962, 0
384363.27654025535, 5305.19182221157, 0
384363.1354342252, 5315.373881626775, 0
384362.99405763496, 5325.55593730041, 0
384362.85241048475, 5335.7379892253075, 0
384362.71049277467, 5345.9200373943, 0
384362.5683045048, 5356.102081800221, 0
384362.4258456752, 5366.284122435902, 0
384362.2831162861, 5376.466159294176, 0
384362.14011633745, 5386.648192367876, 0
384361.9968458294, 5396.830221649834, 0
384361.8533047621, 5407.012247132883, 0
384361.7094931356, 5417.194268809856, 0
384361.56541095005, 5427.376286673586, 0
384361.4210582055, 5437.558300716905, 0
384361.276434902, 5447.740310932646, 0
384361.13154103974, 5457.9223173136415, 0
384360.9863766188, 5468.104319852724, 0
384360.84094163927, 5478.286318542726, 0
384360.6952361013, 5488.468313376481, 0
384360.5492600049, 5498.650304346821, 0
384360.4030133502, 5508.832291446579, 0
384360.25649613736, 5519.014274668588, 0
384360.10970836645, 5529.19625400568, 0
384359.96265003755, 5539.378229450688, 0
384359.8153211508, 5549.560200996445, 0
384359.6677217063, 5559.742168635784, 0
384359.5198517041, 5569.924132361537, 0
384359.3717111444, 5580.106092166537, 0
384359.2233000272, 5590.288048043616, 0
384359.07461835264, 5600.469999985608, 0
384358.92566612083, 5610.651947985346, 0
384358.7764433319, 5620.833892035661, 0
384358.6269499859, 5631.015832129387, 0
384358.477186083, 5641.197768259356, 0
384358.3271516232, 5651.379700418402, 0
384358.1768466067, 5661.561628599356, 0
384358.0262710336, 5671.743552795051, 0
384357.875424904, 5681.925472998321, 0
384357.72430821793, 5692.107389201999, 0
384357.57292097557, 5702.289301398915, 0
384357.421263177, 5712.471209581905, 0
384357.26933482237, 5722.6531137438, 0
384357.1171359117, 5732.835013877432, 0
384356.96466644516, 5743.016909975636, 0
384356.8119264229, 5753.198802031243, 0
384356.6589158449, 5763.380690037086, 0
384356.50563471136, 5773.562573986, 0
384356.35208302236, 5783.744453870814, 0
384356.198260778, 5793.926329684364, 0
384356.0441679784, 5804.108201419481, 0
384355.8898046237, 5814.2900690689985, 0
384355.7351707139, 5824.471932625749, 0
384355.58026624925, 5834.653792082565, 0
384355.4250912297, 5844.83564743228, 0
384355.2696456555, 5855.017498667727, 0
384355.1139295267, 5865.199345781737, 0
384354.95794284344, 5875.3811887671445, 0
384354.8016856058, 5885.563027616782, 0
384354.64515781385, 5895.744862323482, 0
384354.48835946777, 5905.926692880078, 0
384354.33129056764, 5916.108519279402, 0
384354.17395111354, 5926.290341514286, 0
384354.0163411056, 5936.472159577565, 0
384353.85846054397, 5946.653973462071, 0
384353.70030942874, 5956.835783160636, 0
384353.54188776, 5967.017588666094, 0
384353.38319553784, 5977.199389971276, 0
384353.2242327624, 5987.381187069017, 0
384353.0649994338, 5997.562979952148, 0
384352.9054955522, 6007.744768613504, 0
384352.7457211176, 6017.926553045915, 0
384352.58567613014, 6028.108333242216, 0
384352.42536059, 6038.290109195239, 0
384352.2647744972, 6048.471880897817, 0
384352.1039178519, 6058.653648342783, 0
384351.94279065426, 6068.8354115229695, 0
384351.7813929043, 6079.01717043121, 0
384351.6197246022, 6089.1989250603365, 0
384351.45778574806, 6099.380675403183, 0
384351.295576342, 6109.5624214525815, 0
384351.13309638406, 6119.744163201365, 0
384350.97034587443, 6129.925900642366, 0
384350.8073248132, 6140.107633768418, 0
384350.6440332005, 6150.289362572354, 0
384350.48047103646, 6160.471087047006, 0
384350.3166383211, 6170.652807185208, 0
384350.1525350546, 6180.834522979792, 0
384349.9881612371, 6191.016234423591, 0
384349.8235168687, 6201.197941509439, 0
384349.65860194946, 6211.379644230167, 0
384349.49341647956, 6221.56134257861, 0
384349.3279604591, 6231.743036547598, 0
384349.1622338882, 6241.924726129967, 0
384348.9962367669, 6252.106411318548, 0
384348.8299690954, 6262.288092106175, 0
384348.6634308738, 6272.469768485681, 0
384348.4966221023, 6282.651440449898, 0
384348.3295427808, 6292.833107991659, 0
384348.1621929096, 6303.014771103797, 0
384347.99457248877, 6313.196429779146, 0
384347.8266815184, 6323.378084010537, 0
384347.65851999866, 6333.559733790805, 0
384347.4900879296, 6343.741379112781, 0
384347.32138531137, 6353.923019969299, 0
384347.1524121441, 6364.104656353193, 0
384346.9831684279, 6374.286288257294, 0
384346.81365416286, 6384.467915674435, 0
384346.64386934915, 6394.64953859745, 0
384346.4738139868, 6404.831157019172, 0
384346.303488076, 6415.012770932433, 0
384346.1328916169, 6425.194380330067, 0
384345.96202460956, 6435.375985204907, 0
384345.7908870541, 6445.557585549785, 0
384345.6194789507, 6455.739181357533, 0
384345.4478002994, 6465.920772620987, 0
384345.27585110033, 6476.102359332977, 0
384345.10363135365, 6486.283941486338, 0
384344.9311410595, 6496.465519073903, 0
384344.75838021794, 6506.647092088504, 0
384344.5853488291, 6516.828660522974, 0
384344.41204689315, 6527.010224370147, 0
384344.23847441014, 6537.191783622854, 0
384344.06463138026, 6547.37333827393, 0
384343.8905178036, 6557.554888316207, 0
384343.71613368025, 6567.736433742519, 0
384343.54147901037, 6577.917974545697, 0
384343.36655379407, 6588.099510718575, 0
384343.1913580315, 6598.281042253987, 0
384343.0158917227, 6608.462569144765, 0
384342.8401548679, 6618.644091383743, 0
384342.6641474672, 6628.825608963753, 0
384342.4878695206, 6639.007121877628, 0
384342.3113210284, 6649.188630118202, 0
384342.13450199063, 6659.370133678307, 0
384341.9574124074, 6669.551632550776, 0
384341.78005227883, 6679.733126728443, 0
384341.6024216051, 6689.91461620414, 0
384341.4245203863, 6700.096100970701, 0
384341.2463486226, 6710.277581020959, 0
384341.06790631404, 6720.459056347746, 0
384340.8891934608, 6730.640526943896, 0
384340.710210063, 6740.821992802242, 0
384340.5309561208, 6751.003453915617, 0
384340.3514316343, 6761.184910276854, 0
384340.17163660354, 6771.366361878785, 0
384339.9915710287, 6781.547808714245, 0
384339.81123491, 6791.729250776066, 0
384339.6306282474, 6801.910688057081, 0
384339.44975104113, 6812.092120550123, 0
384339.2686032913, 6822.273548248025, 0
384339.08718499803, 6832.454971143621, 0
384338.9054961615, 6842.636389229744, 0
384338.72353678173, 6852.817802499226, 0
384338.54130685894, 6862.9992109449, 0
384338.3588063932, 6873.180614559601, 0
384338.1760353847, 6883.362013336161, 0
384337.9929938335, 6893.5434072674125, 0
384337.8096817397, 6903.72479634619, 0
384337.62609910354, 6913.906180565325, 0
384337.4422459251, 6924.087559917651, 0
384337.25812220445, 6934.268934396001, 0
384337.0737279418, 6944.45030399321, 0
384336.88906313723, 6954.631668702109, 0
384336.7041277909, 6964.813028515532, 0
384336.51892190287, 6974.994383426312, 0
384336.33344547334, 6985.1757334272825, 0
384336.14769850246, 6995.357078511276, 0
384335.9616809903, 7005.538418671126, 0
384335.775392937, 7015.719753899665, 0
384335.5888343427, 7025.901084189727, 0
384335.40200520755, 7036.082409534145, 0
384335.21490553167, 7046.263729925752, 0
384335.02753531514, 7056.445045357381, 0
384334.8398945581, 7066.626355821865, 0
384334.6519832608, 7076.807661312038, 0
384334.46380142326, 7086.988961820733, 0
384334.27534904564, 7097.170257340782, 0
384334.08662612806, 7107.35154786502, 0
384333.89763267065, 7117.532833386278, 0
384333.7083686735, 7127.714113897391, 0
384333.51883413683, 7137.895389391192, 0
384333.3290290607, 7148.076659860513, 0
384333.13895344536, 7158.257925298189, 0
384332.9486072908, 7168.4391856970515, 0
384332.7579905972, 7178.620441049934, 0
384332.56710336474, 7188.80169134967, 0
384332.3759455935, 7198.982936589094, 0
384332.18451728363, 7209.164176761037, 0
384331.99281843525, 7219.345411858333, 0
384331.80084904854, 7229.526641873816, 0
384331.60860912356, 7239.707866800318, 0
384331.4160986605, 7249.889086630673, 0
384331.2233176595, 7260.070301357714, 0
384331.0302661207, 7270.251510974274, 0
384330.83694404416, 7280.432715473187, 0
384330.6433514301, 7290.613914847286, 0
384330.4494882786, 7300.795109089404, 0
384330.2553545898, 7310.976298192374, 0
384330.06095036387, 7321.157482149029, 0
384329.8662756009, 7331.338660952204, 0
384329.6713303011, 7341.51983459473, 0
384329.4761144645, 7351.701003069442, 0
384329.28062809136, 7361.882166369172, 0
384329.0848711817, 7372.063324486755, 0
384328.88884373574, 7382.244477415023, 0
384328.69254575355, 7392.425625146809, 0
384328.4959772353, 7402.606767674946, 0
384328.29913818114, 7412.7879049922685, 0
384328.1020285912, 7422.969037091609, 0
384327.9046484656, 7433.150163965801, 0
384327.7069978045, 7443.331285607677, 0
384327.50907660805, 7453.512402010072, 0
384327.31088487635, 7463.693513165818, 0
384327.1124226095, 7473.874619067749, 0
384326.91368980776, 7484.055719708698, 0
384326.71468647115, 7494.236815081498, 0
384326.5154125999, 7504.417905178983, 0
384326.3158681941, 7514.598989993986, 0
384326.1160532539, 7524.78006951934, 0
384325.9159677794, 7534.961143747879, 0
384325.7156117708, 7545.142212672436, 0
384325.51498522825, 7555.323276285843, 0
384325.3140881518, 7565.504334580935, 0
384325.11292054167, 7575.685387550546, 0
384324.911482398, 7585.866435187508, 0
384324.7097737209, 7596.047477484654, 0
384324.50779451046, 7606.228514434819, 0
384324.3055447669, 7616.4095460308345, 0
384324.10302449035, 7626.590572265534, 0
384323.90023368096, 7636.7715931317525, 0
384323.69717233884, 7646.952608622322, 0
384323.49384046416, 7657.133618730077, 0
384323.29023805703, 7667.314623447849, 0
384323.0863651176, 7677.495622768473, 0
384322.882221646, 7687.676616684782, 0
384322.67780764244, 7697.857605189609, 0
384322.473123107, 7708.038588275787, 0
384322.2681680398, 7718.219565936151, 0
384322.062942441, 7728.400538163533, 0
384321.8574463108, 7738.581504950767, 0
384321.6516796493, 7748.7624662906865, 0
384321.4456424567, 7758.943422176125, 0
384321.23933473305, 7769.124372599915, 0
384321.0327564785, 7779.30531755489, 0
384320.8259076933, 7789.486257033885, 0
384320.6187883775, 7799.667191029732, 0
384320.4113985313, 7809.848119535264, 0
384320.2037381548, 7820.029042543316, 0
384319.9958072481, 7830.20996004672, 0
384319.7876058115, 7840.390872038311, 0
384319.579133845, 7850.57177851092, 0
384319.3703913488, 7860.752679457382, 0
384319.16137832304, 7870.933574870532, 0
384318.9520947679, 7881.1144647432, 0
384318.7425406834, 7891.295349068222, 0
384318.5327160699, 7901.4762278384305, 0
384318.32262092736, 7911.65710104666, 0
384318.112255256, 7921.837968685742, 0
384317.90161905595, 7932.018830748512, 0
384317.69071232737, 7942.199687227802, 0
384317.4795350704, 7952.380538116447, 0
384317.2680872852, 7962.561383407278, 0
384317.05636897194, 7972.7422230931315, 0
384316.8443801307, 7982.9230571668395, 0
384316.6321207617, 7993.103885621235, 0
384316.41959086497, 8003.284708449152, 0
384316.2067904408, 8013.465525643424, 0
384315.99371948926, 8023.646337196885, 0
384315.78037801053, 8033.827143102368, 0
384315.5667660047, 8044.007943352706, 0
384315.352883472, 8054.1887379407335, 0
