-384399.9805178231, -122.19640721204055, 0
-384399.97713550075, -132.3794407581456, 0
-384399.9734825926, -142.56247421107196, 0
-384399.9695590987, -152.74550756365164, 0
-384399.96536501904, -162.92854080871663, 0
-384399.9609003536, -173.1115739390989, 0
-384399.9561651024, -183.29460694763043, 0
-384399.9511592655, -193.47763982714324, 0
-384399.94588284276, -203.66067257046927, 0
-384399.9403358343, -213.84370517044056, 0
-384399.93451824004, -224.02673761988905, 0
-384399.92843006004, -234.20976991164676, 0
-384399.92207129434, -244.39280203854565, 0
-384399.91544194287, -254.57583399341775, 0
-384399.9085420057, -264.758865769095, 0
-384399.90137148276, -274.94189735840945, 0
-384399.8939303741, -285.12492875419304, 0
-384399.8862186798, -295.30795994927774, 0
-384399.8782363997, -305.49099093649556, 0
-384399.86998353386, -315.67402170867854, 0
-384399.86146008235, -325.8570522586586, 0
-384399.8526660452, -336.04008257926773, 0
-384399.8436014223, -346.223112663338, 0
-384399.83426621376, -356.4061425037013, 0
-384399.82466041954, -366.58917209318963, 0
-384399.8147840396, -376.77220142463506, 0
-384399.80463707406, -386.9552304908695, 0
-384399.79421952285, -397.138259284725, 0
-384399.783531386, -407.3212877990335, 0
-384399.7725726635, -417.504316026627, 0
-384399.76134335535, -427.68734396033756, 0
-384399.74984346156, -437.87037159299706, 0
-384399.7380729822, -448.05339891743756, 0
-384399.72603191715, -458.23642592649105, 0
-384399.71372026653, -468.4194526129895, 0
-384399.70113803033, -478.60247896976495, 0
-384399.68828520854, -488.7855049896493, 0
-384399.67516180116, -498.96853066547465, 0
-384399.66176780825, -509.1515559900729, 0
-384399.64810322976, -519.334580956276, 0
-384399.63416806574, -529.5176055569161, 0
-384399.6199623162, -539.7006297848251, 0
-384399.6054859811, -549.883653632835, 0
-384399.5907390605, -560.0666770937778, 0
-384399.57572155434, -570.2497001604855, 0
-384399.5604334627, -580.4327228257902, 0
-384399.54487478564, -590.6157450825236, 0
-384399.5290455231, -600.798766923518, 0
-384399.51294567506, -610.9817883416052, 0
-384399.49657524156, -621.1648093296174, 0
-384399.4799342226, -631.3478298803863, 0
-384399.4630226182, -641.5308499867441, 0
-384399.4458404284, -651.7138696415227, 0
-384399.4283876532, -661.8968888375542, 0
-384399.41066429263, -672.0799075676706, 0
-384399.39267034666, -682.2629258247038, 0
-384399.3744058153, -692.4459436014859, 0
-384399.35587069864, -702.6289608908487, 0
-384399.3370649966, -712.8119776856245, 0
-384399.3179887092, -722.9949939786451, 0
-384399.2986418365, -733.1780097627425, 0
-384399.2790243785, -743.3610250307487, 0
-384399.2591363352, -753.5440397754958, 0
-384399.23897770664, -763.7270539898157, 0
-384399.2185484928, -773.9100676665404, 0
-384399.19784869376, -784.093080798502, 0
-384399.17687830946, -794.2760933785324, 0
-384399.1556373399, -804.4591053994636, 0
-384399.1341257852, -814.6421168541277, 0
-384399.1123436453, -824.8251277353567, 0
-384399.0902909202, -835.0081380359824, 0
-384399.06796760997, -845.191147748837, 0
-384399.0453737146, -855.3741568667525, 0
-384399.0225092341, -865.5571653825608, 0
-384398.99937416846, -875.740173289094, 0
-384398.9759685177, -885.923180579184, 0
-384398.9522922819, -896.1061872456629, 0
-384398.928345461, -906.2891932813627, 0
-384398.90412805515, -916.4721986791154, 0
-384398.8796400642, -926.655203431753, 0
-384398.85488148825, -936.8382075321074, 0
-384398.8298523273, -947.0212109730107, 0
-384398.8045525814, -957.204213747295, 0
-384398.77898225054, -967.387215847792, 0
-384398.75314133475, -977.5702172673341, 0
-384398.727029834, -987.7532179987531, 0
-384398.70064774837, -997.9362180348811, 0
-384398.67399507784, -1008.11921736855, 0
-384398.64707182243, -1018.3022159925919, 0
-384398.6198779822, -1028.4852138998388, 0
-384398.5924135571, -1038.6682110831225, 0
-384398.5646785472, -1048.8512075352753, 0
-384398.5366729525, -1059.0342032491292, 0
-384398.5083967731, -1069.217198217516, 0
-384398.47985000885, -1079.4001924332679, 0
-384398.4510326599, -1089.5831858892168, 0
-384398.42194472626, -1099.7661785781947, 0
-384398.3925862079, -1109.9491704930338, 0
-384398.36295710487, -1120.132161626566, 0
-384398.3330574172, -1130.3151519716232, 0
-384398.3028871449, -1140.4981415210375, 0
-384398.27244628797, -1150.681130267641, 0
-384398.2417348465, -1160.8641182042657, 0
-384398.2107528204, -1171.0471053237436, 0
-384398.1795002098, -1181.2300916189067, 0
-384398.14797701465, -1191.413077082587, 0
-384398.116183235, -1201.5960617076166, 0
-384398.0841188709, -1211.7790454868275, 0
-384398.05178392236, -1221.9620284130515, 0
-384398.01917838934, -1232.1450104791209, 0
-384397.98630227195, -1242.3279916778674, 0
-384397.95315557014, -1252.5109720021235, 0
-384397.91973828396, -1262.6939514447208, 0
-384397.8860504135, -1272.8769299984915, 0
-384397.85209195863, -1283.0599076562678, 0
-384397.81786291953, -1293.2428844108815, 0
-384397.7833632961, -1303.4258602551647, 0
-384397.7485930885, -1313.6088351819492, 0
-384397.7135522966, -1323.7918091840672, 0
-384397.6782409206, -1333.9747822543509, 0
-384397.64265896037, -1344.1577543856322, 0
-384397.606806416, -1354.340725570743, 0
-384397.5706832875, -1364.5236958025155, 0
-384397.5342895749, -1374.7066650737816, 0
-384397.4976252782, -1384.8896333773735, 0
-384397.4606903975, -1395.072600706123, 0
-384397.42348493275, -1405.2555670528623, 0
-384397.386008884, -1415.4385324104235, 0
-384397.3482622513, -1425.6214967716385, 0
-384397.31024503463, -1435.8044601293393, 0
-384397.2719572341, -1445.987422476358, 0
-384397.2333988496, -1456.1703838055266, 0
-384397.1945698813, -1466.3533441096772, 0
-384397.15547032916, -1476.5363033816418, 0
-384397.1161001932, -1486.7192616142524, 0
-384397.0764594734, -1496.9022188003412, 0
-384397.0365481699, -1507.08517493274, 0
-384396.9963662827, -1517.2681300042811, 0
-384396.95591381175, -1527.4510840077965, 0
-384396.91519075714, -1537.6340369361178, 0
-384396.8741971189, -1547.8169887820775, 0
-384396.8329328971, -1557.9999395385075, 0
-384396.79139809165, -1568.18288919824, 0
-384396.74959270266, -1578.365837754107, 0
-384396.7075167301, -1588.5487851989403, 0
-384396.6651701741, -1598.731731525572, 0
-384396.6225530346, -1608.9146767268344, 0
-384396.5796653117, -1619.0976207955594, 0
-384396.5365070054, -1629.280563724579, 0
-384396.4930781157, -1639.4635055067254, 0
-384396.44937864266, -1649.6464461348305, 0
-384396.4054085863, -1659.8293856017265, 0
-384396.36116794666, -1670.0123239002453, 0
-384396.31665672373, -1680.195261023219, 0
-384396.2718749176, -1690.3781969634797, 0
-384396.2268225283, -1700.5611317138594, 0
-384396.1814995558, -1710.74406526719, 0
-384396.1359060002, -1720.9269976163039, 0
-384396.0900418615, -1731.1099287540328, 0
-384396.04390713974, -1741.292858673209, 0
-384395.99750183494, -1751.4757873666645, 0
-384395.9508259471, -1761.6587148272313, 0
-384395.9038794763, -1771.8416410477414, 0
-384395.8566624226, -1782.024566021027, 0
-384395.809174786, -1792.2074897399204, 0
-384395.7614165665, -1802.3904121972532, 0
-384395.7133877642, -1812.5733333858577, 0
-384395.66508837906, -1822.756253298566, 0
-384395.61651841115, -1832.93917192821, 0
-384395.5676778605, -1843.122089267622, 0
-384395.5185667272, -1853.3050053096338, 0
-384395.46918501117, -1863.4879200470775, 0
-384395.41953271255, -1873.6708334727853, 0
-384395.3696098313, -1883.8537455795893, 0
-384395.3194163675, -1894.0366563603213, 0
-384395.26895232114, -1904.2195658078138, 0
-384395.21821769234, -1914.4024739148986, 0
-384395.167212481, -1924.5853806744076, 0
-384395.11593668733, -1934.768286079173, 0
-384395.06439031125, -1944.9511901220271, 0
-384395.0125733528, -1955.134092795802, 0
-384394.96048581204, -1965.3169940933294, 0
-384394.90812768904, -1975.4998940074418, 0
-384394.85549898376, -1985.6827925309708, 0
-384394.80259969627, -1995.8656896567488, 0
-384394.7494298266, -2006.0485853776079, 0
-384394.6959893748, -2016.23147968638, 0
-384394.64227834094, -2026.4143725758975, 0
-384394.588296725, -2036.597264038992, 0
-384394.53404452704, -2046.7801540684961, 0
-384394.4795217471, -2056.9630426572417, 0
-384394.42472838523, -2067.1459297980605, 0
-384394.36966444144, -2077.328815483785, 0
-384394.3143299158, -2087.5116997072473, 0
-384394.25872480834, -2097.6945824612794, 0
-384394.2028491191, -2107.8774637387132, 0
-384394.1467028481, -2118.060343532381, 0
-384394.0902859954, -2128.243221835115, 0
-384394.033598561, -2138.426098639747, 0
-384393.976640545, -2148.6089739391095, 0
-384393.91941194737, -2158.791847726034, 0
-384393.8619127682, -2168.974719993353, 0
-384393.80414300755, -2179.157590733899, 0
-384393.7461026654, -2189.340459940503, 0
-384393.6877917418, -2199.523327605998, 0
-384393.62921023683, -2209.706193723216, 0
-384393.5703581505, -2219.889058284989, 0
-384393.5112354829, -2230.071921284149, 0
-384393.451842234, -2240.254782713528, 0
-384393.39217840385, -2250.4376425659584, 0
-384393.33224399254, -2260.620500834272, 0
-384393.27203900006, -2270.8033575113013, 0
-384393.21156342654, -2280.986212589878, 0
-384393.1508172719, -2291.1690660628346, 0
-384393.0898005363, -2301.351917923003, 0
-384393.0285132197, -2311.534768163215, 0
-384392.96695532213, -2321.717616776303, 0
-384392.9051268437, -2331.9004637550993, 0
-384392.84302778443, -2342.0833090924357, 0
-384392.7806581444, -2352.2661527811447, 0
-384392.7180179236, -2362.448994814058, 0
-384392.65510712203, -2372.631835184008, 0
-384392.59192573983, -2382.814673883827, 0
-384392.528473777, -2392.997510906346, 0
-384392.4647512336, -2403.1803462443986, 0
-384392.40075810964, -2413.363179890816, 0
-384392.3364944052, -2423.546011838431, 0
-384392.2719601203, -2433.7288420800746, 0
-384392.207155255, -2443.91167060858, 0
-384392.1420798094, -2454.094497416779, 0
-384392.0767337834, -2464.277322497504, 0
-384392.0111171772, -2474.460145843587, 0
-384391.94522999076, -2484.6429674478595, 0
-384391.87907222414, -2494.8257873031544, 0
-384391.8126438774, -2505.008605402303, 0
-384391.74594495055, -2515.1914217381386, 0
-384391.6789754437, -2525.3742363034926, 0
-384391.61173535686, -2535.557049091197, 0
-384391.54422469006, -2545.739860094084, 0
-384391.4764434434, -2555.9226693049864, 0
-384391.40839161683, -2566.1054767167357, 0
-384391.3400692105, -2576.288282322164, 0
-384391.2714762244, -2586.471086114104, 0
-384391.2026126586, -2596.6538880853873, 0
-384391.13347851316, -2606.836688228846, 0
-384391.06407378806, -2617.019486537313, 0
-384390.9943984834, -2627.2022830036194, 0
-384390.92445259925, -2637.385077620598, 0
-384390.85423613567, -2647.567870381081, 0
-384390.78374909266, -2657.7506612779002, 0
-384390.7129914703, -2667.933450303888, 0
-384390.6419632686, -2678.1162374518767, 0
-384390.5706644876, -2688.299022714698, 0
-384390.4990951274, -2698.4818060851844, 0
-384390.42725518806, -2708.664587556168, 0
-384390.3551446696, -2718.8473671204806, 0
-384390.28276357206, -2729.030144770955, 0
-384390.2101118955, -2739.2129205004226, 0
-384390.13718964, -2749.3956943017165, 0
-384390.0639968056, -2759.578466167668, 0
-384389.9905333923, -2769.76123609111, 0
-384389.9167994002, -2779.9440040648738, 0
-384389.8427948293, -2790.1267700817925, 0
-384389.7685196797, -2800.309534134698, 0
-384389.6939739515, -2810.492296216422, 0
-384389.6191576447, -2820.675056319797, 0
-384389.5440707593, -2830.857814437655, 0
-384389.4687132954, -2841.0405705628286, 0
-384389.3930852531, -2851.2233246881497, 0
-384389.31718663237, -2861.4060768064505, 0
-384389.2410174333, -2871.588826910563, 0
-384389.1645776559, -2881.7715749933195, 0
-384389.0878673003, -2891.954321047552, 0
-384389.01088636654, -2902.1370650660933, 0
-384388.9336348546, -2912.319807041775, 0
-384388.8561127646, -2922.50254696743, 0
-384388.7783200966, -2932.68528483589, 0
-384388.7002568506, -2942.8680206399868, 0
-384388.62192302675, -2953.050754372553, 0
-384388.543318625, -2963.233486026421, 0
-384388.46444364544, -2973.4162155944223, 0
-384388.38529808813, -2983.59894306939, 0
-384388.30588195316, -2993.7816684441555, 0
-384388.2261952405, -3003.9643917115513, 0
-384388.1462379503, -3014.14711286441, 0
-384388.06601008255, -3024.329831895563, 0
-384387.98551163735, -3034.512548797843, 0
-384387.9047426147, -3044.6952635640823, 0
-384387.82370301476, -3054.877976187113, 0
-384387.7423928375, -3065.060686659767, 0
-384387.66081208293, -3075.2433949748765, 0
-384387.57896075124, -3085.4261011252743, 0
-384387.4968388424, -3095.6088051037923, 0
-384387.4144463565, -3105.791506903263, 0
-384387.3317832936, -3115.974206516518, 0
-384387.2488496537, -3126.1569039363894, 0
-384387.1656454369, -3136.3395991557104, 0
-384387.08217064326, -3146.5222921673126, 0
-384386.9984252729, -3156.704982964028, 0
-384386.91440932575, -3166.8876715386896, 0
-384386.83012280194, -3177.070357884129, 0
-384386.74556570157, -3187.253041993178, 0
-384386.6607380246, -3197.43572385867, 0
-384386.5756397712, -3207.618403473436, 0
-384386.4902709413, -3217.8010808303093, 0
-384386.40463153506, -3227.9837559221214, 0
-384386.3187215525, -3238.1664287417047, 0
-384386.2325409937, -3248.349099281892, 0
-384386.1460898587, -3258.531767535515, 0
-384386.0593681476, -3268.714433495406, 0
-384385.9723758604, -3278.897097154397, 0
-384385.8851129972, -3289.0797585053206, 0
-384385.79757955804, -3299.2624175410087, 0
-384385.709775543, -3309.445074254294, 0
-384385.6217009521, -3319.627728638008, 0
-384385.5333557855, -3329.810380684984, 0
-384385.44474004314, -3339.9930303880537, 0
-384385.35585372517, -3350.175677740049, 0
-384385.2666968316, -3360.358322733803, 0
-384385.17726936255, -3370.5409653621473, 0
-384385.087571318, -3380.723605617914, 0
-384384.9976026981, -3390.906243493936, 0
-384384.90736350283, -3401.088878983045, 0
-384384.81685373234, -3411.2715120780736, 0
-384384.7260733866, -3421.4541427718536, 0
-384384.6350224658, -3431.636771057218, 0
-384384.54370096984, -3441.8193969269987, 0
-384384.4521088989, -3452.002020374028, 0
-384384.360246253, -3462.1846413911376, 0
-384384.2681130322, -3472.3672599711604, 0
-384384.1757092366, -3482.549876106929, 0
-384384.08303486626, -3492.732489791275, 0
-384383.9900899212, -3502.915101017031, 0
-384383.89687440154, -3513.0977097770287, 0
-384383.8033883073, -3523.280316064101, 0
-384383.70963163854, -3533.4629198710804, 0
-384383.6156043954, -3543.6455211907987, 0
-384383.52130657784, -3553.828120016088, 0
-384383.426738186, -3564.010716339781, 0
-384383.3318992199, -3574.19331015471, 0
-384383.2367896797, -3584.3759014537072, 0
-384383.14140956535, -3594.5584902296046, 0
-384383.04575887695, -3604.741076475235, 0
-384382.9498376146, -3614.92366018343, 0
-384382.8536457784, -3625.1062413470227, 0
-384382.7571833683, -3635.2888199588447, 0
-384382.6604503845, -3645.4713960117288, 0
-384382.56344682694, -3655.653969498507, 0
-384382.46617269574, -3665.836540412012, 0
-384382.368627991, -3676.0191087450753, 0
-384382.2708127128, -3686.20167449053, 0
-384382.17272686114, -3696.384237641208, 0
-384382.07437043614, -3706.566798189942, 0
-384381.9757434378, -3716.7493561295637, 0
-384381.87684586627, -3726.931911452906, 0
-384381.7776777216, -3737.1144641528012, 0
-384381.6782390038, -3747.297014222081, 0
-384381.57852971304, -3757.4795616535785, 0
-384381.4785498493, -3767.6621064401256, 0
-384381.37829941267, -3777.8446485745544, 0
-384381.27777840325, -3788.0271880496975, 0
-384381.1769868211, -3798.2097248583873, 0
-384381.0759246663, -3808.392258993456, 0
-384380.9745919389, -3818.5747904477357, 0
-384380.872988639, -3828.7573192140594, 0
-384380.7711147666, -3838.939845285259, 0
-384380.6689703218, -3849.1223686541666, 0
-384380.56655530474, -3859.304889313615, 0
-384380.4638697154, -3869.487407256436, 0
-384380.3609135539, -3879.6699224754625, 0
-384380.25768682035, -3889.852434963527, 0
-384380.15418951475, -3900.034944713461, 0
-384380.0504216372, -3910.2174517180974, 0
-384379.9463831878, -3920.3999559702684, 0
-384379.8420741665, -3930.5824574628064, 0
-384379.7374945735, -3940.7649561885437, 0
-384379.6326444089, -3950.9474521403126, 0
-384379.5275236727, -3961.129945310946, 0
-384379.42213236494, -3971.3124356932753, 0
-384379.31647048576, -3981.4949232801337, 0
-384379.2105380352, -3991.677408064353, 0
-384379.10433501337, -4001.859890038766, 0
-384378.9978614203, -4012.0423691962046, 0
-384378.89111725613, -4022.2248455295016, 0
-384378.78410252085, -4032.4073190314894, 0
-384378.6768172146, -4042.589789695, 0
-384378.5692613374, -4052.772257512866, 0
-384378.46143488935, -4062.9547224779194, 0
-384378.35333787056, -4073.137184582993, 0
-384378.2449702811, -4083.3196438209193, 0
-384378.136332121, -4093.5021001845303, 0
-384378.0274233903, -4103.684553666659, 0
-384377.9182440892, -4113.867004260137, 0
-384377.80879421765, -4124.049451957797, 0
-384377.6990737758, -4134.231896752472, 0
-384377.5890827637, -4144.414338636992, 0
-384377.47882118146, -4154.5967776041925, 0
-384377.3682890291, -4164.779213646904, 0
-384377.2574863068, -4174.96164675796, 0
-384377.1464130145, -4185.144076930192, 0
-384377.03506915236, -4195.326504156433, 0
-384376.92345472047, -4205.5089284295145, 0
-384376.8115697189, -4215.69134974227, 0
-384376.69941414765, -4225.873768087532, 0
-384376.5869880069, -4236.056183458132, 0
-384376.4742912967, -4246.238595846903, 0
-384376.36132401705, -4256.421005246677, 0
-384376.24808616814, -4266.603411650286, 0
-384376.13457775, -4276.7858150505635, 0
-384376.0207987627, -4286.968215440342, 0
-384375.9067492063, -4297.150612812453, 0
-384375.79242908093, -4307.333007159729, 0
-384375.6778383867, -4317.515398475003, 0
-384375.5629771236, -4327.697786751107, 0
-384375.44784529175, -4337.8801719808735, 0
-384375.33244289126, -4348.062554157135, 0
-384375.2167699222, -4358.244933272724, 0
-384375.10082638456, -4368.427309320473, 0
-384374.9846122785, -4378.609682293214, 0
-384374.86812760413, -4388.79205218378, 0
-384374.7513723615, -4398.974418985003, 0
-384374.6343465507, -4409.156782689715, 0
-384374.51705017174, -4419.33914329075, 0
-384374.3994832248, -4429.521500780939, 0
-384374.2816457099, -4439.703855153116, 0
-384374.16353762714, -4449.886206400111, 0
-384374.04515897663, -4460.068554514759, 0
-384373.9265097584, -4470.250899489891, 0
-384373.80758997257, -4480.433241318339, 0
-384373.68839961925, -4490.6155799929375, 0
-384373.56893869844, -4500.797915506517, 0
-384373.44920721033, -4510.9802478519105, 0
-384373.3292051549, -4521.162577021951, 0
-384373.2089325323, -4531.34490300947, 0
-384373.0883893426, -4541.527225807301, 0
-384372.9675755859, -4551.709545408276, 0
-384372.8464912622, -4561.8918618052285, 0
-384372.7251363717, -4572.074174990989, 0
-384372.60351091437, -4582.256484958391, 0
-384372.4816148904, -4592.438791700268, 0
-384372.3594482998, -4602.621095209451, 0
-384372.2370111427, -4612.8033954787725, 0
-384372.1143034192, -4622.985692501065, 0
-384371.9913251293, -4633.167986269163, 0
-384371.8680762731, -4643.3502767758955, 0
-384371.7445568508, -4653.532564014098, 0
-384371.6207668624, -4663.714847976602, 0
-384371.49670630804, -4673.897128656239, 0
-384371.37237518776, -4684.079406045843, 0
-384371.2477735016, -4694.2616801382455, 0
-384371.12290124974, -4704.44395092628, 0
-384370.99775843223, -4714.626218402778, 0
-384370.8723450491, -4724.808482560573, 0
-384370.74666110054, -4734.990743392496, 0
-384370.6207065866, -4745.173000891382, 0
-384370.4944815073, -4755.355255050061, 0
-384370.3679858628, -4765.537505861366, 0
-384370.24121965317, -4775.719753318131, 0
-384370.1141828785, -4785.901997413187, 0
-384369.98687553895, -4796.084238139368, 0
-384369.8592976345, -4806.266475489505, 0
-384369.73144916527, -4816.448709456431, 0
-384369.60333013133, -4826.630940032979, 0
-384369.4749405328, -4836.813167211982, 0
-384369.3462803698, -4846.995390986271, 0
-384369.21734964236, -4857.1776113486785, 0
-384369.0881483506, -4867.359828292038, 0
-384368.9586764946, -4877.542041809183, 0
-384368.8289340745, -4887.724251892944, 0
-384368.69892109034, -4897.906458536155, 0
-384368.5686375422, -4908.088661731647, 0
-384368.43808343017, -4918.270861472255, 0
-384368.3072587544, -4928.453057750809, 0
-384368.1761635149, -4938.6352505601435, 0
-384368.04479771183, -4948.81743989309, 0
-384367.91316134523, -4958.999625742481, 0
-384367.7812544152, -4969.18180810115, 0
-384367.6490769219, -4979.363986961928, 0
-384367.5166288654, -4989.54616231765, 0
-384367.3839102457, -4999.728334161146, 0
-384367.250921063, -5009.910502485251, 0
-384367.11766131734, -5020.092667282795, 0
-384366.9841310088, -5030.274828546612, 0
-384366.8503301375, -5040.456986269535, 0
-384366.7162587035, -5050.639140444396, 0
-384366.5819167069, -5060.821291064027, 0
-384366.4473041479, -5071.003438121262, 0
-384366.31242102647, -5081.185581608932, 0
-384366.17726734275, -5091.36772151987, 0
-384366.0418430968, -5101.5498578469105, 0
-384365.90614828875, -5111.731990582884, 0
-384365.7701829187, -5121.914119720624, 0
-384365.6339469867, -5132.096245252962, 0
-384365.4974404929, -5142.278367172732, 0
-384365.3606634374, -5152.460485472766, 0
-384365.2236158202, -5162.642600145897, 0
-384365.0862976415, -5172.824711184957, 0
-384364.94870890136, -5183.006818582779, 0
-384364.81084959983, -5193.188922332195, 0
-384364.6727197371, -5203.3710224260385, 0
-384364.5343193132, -5213.553118857141, 0
-384364.39564832824, -5223.7352116183365, 0
-384364.2567067823, -5233.917300702457, 0
-384364.11749467556, -5244.099386102335, 0
-384363.978012008, -5254.281467810803, 0
-384363.8382587798, -5264.463545820695, 0
-384363.698234991, -5274.645620124842, 0
-384363.5579406417, -5284.827690716077, 0
-384363.41737573204, -5295.009757587233, 0
-384363.2765402621, -5305.191820731143, 0
-384363.135434232, -5315.373880140638, 0
-384362.99405764183, -5325.555935808552, 0
-384362.8524104917, -5335.737987727718, 0
-384362.7104927816, -5345.920035890968, 0
-384362.5683045118, -5356.102080291135, 0
-384362.4258456823, -5366.284120921052, 0
-384362.28311629314, -5376.466157773551, 0
-384362.14011634456, -5386.6481908414635, 0
-384361.9968458366, -5396.830220117624, 0
-384361.8533047693, -5407.012245594865, 0
-384361.70949314284, -5417.194267266018, 0
-384361.56541095726, -5427.376285123917, 0
-384361.4210582127, -5437.558299161395, 0
-384361.27643490926, -5447.740309371283, 0
-384361.13154104707, -5457.922315746414, 0
-384360.9863766262, -5468.104318279622, 0
-384360.8409416467, -5478.2863169637385, 0
-384360.69523610873, -5488.4683117915965, 0
-384360.5492600124, -5498.650302756029, 0
-384360.4030133578, -5508.832289849869, 0
-384360.256496145, -5519.014273065948, 0
-384360.10970837413, -5529.1962523971, 0
-384359.9626500453, -5539.378227836157, 0
-384359.81532115856, -5549.560199375952, 0
-384359.66772171407, -5559.742167009317, 0
-384359.5198517119, -5569.924130729086, 0
-384359.37171115226, -5580.10609052809, 0
-384359.2233000351, -5590.288046399163, 0
-384359.0746183606, -5600.4699983351375, 0
-384358.92566612887, -5610.651946328846, 0
-384358.77644333994, -5620.833890373122, 0
-384358.626949994, -5631.015830460798, 0
-384358.4771860911, -5641.197766584705, 0
-384358.3271516314, -5651.379698737678, 0
-384358.176846615, -5661.5616269125485, 0
-384358.0262710419, -5671.7435511021495, 0
-384357.8754249123, -5681.925471299314, 0
-384357.7243082263, -5692.107387496875, 0
-384357.572920984, -5702.289299687664, 0
-384357.4212631855, -5712.471207864515, 0
-384357.26933483087, -5722.653112020261, 0
-384357.11713592027, -5732.835012147733, 0
-384356.9646664538, -5743.016908239766, 0
-384356.8119264315, -5753.198800289191, 0
-384356.65891585354, -5763.380688288842, 0
-384356.50563472003, -5773.562572231551, 0
-384356.3520830311, -5783.744452110151, 0
-384356.19826078677, -5793.926327917474, 0
-384356.0441679872, -5804.108199646354, 0
-384355.8898046325, -5814.290067289623, 0
-384355.7351707228, -5824.4719308401145, 0
-384355.58026625816, -5834.65379029066, 0
-384355.4250912387, -5844.835645634093, 0
-384355.26964566455, -5855.017496863247, 0
-384355.1139295358, -5865.199343970955, 0
-384354.9579428525, -5875.381186950049, 0
-384354.8016856149, -5885.563025793361, 0
-384354.64515782305, -5895.744860493724, 0
-384354.488359477, -5905.926691043973, 0
-384354.3312905769, -5916.108517436938, 0
-384354.17395112285, -5926.290339665454, 0
-384354.016341115, -5936.472157722353, 0
-384353.8584605534, -5946.653971600467, 0
-384353.70030943817, -5956.83578129263, 0
-384353.5418877695, -5967.017586791674, 0
-384353.3831955474, -5977.199388090433, 0
-384353.224232772, -5987.381185181738, 0
-384353.0649994435, -5997.562978058423, 0
-384352.9054955619, -6007.744766713321, 0
-384352.7457211273, -6017.926551139264, 0
-384352.5856761399, -6028.108331329086, 0
-384352.4253605998, -6038.2901072756185, 0
-384352.2647745071, -6048.471878971695, 0
-384352.1039178619, -6058.653646410149, 0
-384351.94279066427, -6068.835409583813, 0
-384351.78139291436, -6079.0171684855195, 0
-384351.6197246123, -6089.198923108102, 0
-384351.4577857582, -6099.3806734443915, 0
-384351.29557635216, -6109.5624194872225, 0
-384351.1330963943, -6119.744161229428, 0
-384350.97034588474, -6129.925898663841, 0
-384350.8073248236, -6140.107631783293, 0
-384350.64403321093, -6150.2893605806175, 0
-384350.4804710469, -6160.471085048648, 0
-384350.31663833157, -6170.652805180217, 0
-384350.15253506514, -6180.834520968157, 0
-384349.9881612477, -6191.016232405302, 0
-384349.82351687935, -6201.197939484483, 0
-384349.65860196017, -6211.379642198534, 0
-384349.4934164903, -6221.561340540289, 0
-384349.32796046993, -6231.74303450258, 0
-384349.16223389906, -6241.924724078239, 0
-384348.99623677786, -6252.106409260099, 0
-384348.8299691064, -6262.288090040995, 0
-384348.6634308849, -6272.4697664137575, 0
-384348.4966221134, -6282.65143837122, 0
-384348.329542792, -6292.833105906217, 0
-384348.16219292086, -6303.014769011579, 0
-384347.99457250006, -6313.196427680141, 0
-384347.82668152975, -6323.378081904734, 0
-384347.65852001007, -6333.559731678193, 0
-384347.49008794106, -6343.74137699335, 0
-384347.3213853229, -6353.923017843038, 0
-384347.15241215564, -6364.104654220089, 0
-384346.9831684395, -6374.286286117337, 0
-384346.8136541745, -6384.467913527615, 0
-384346.64386936085, -6394.649536443755, 0
-384346.4738139986, -6404.831154858591, 0
-384346.30348808784, -6415.012768764956, 0
-384346.1328916288, -6425.194378155682, 0
-384345.9620246215, -6435.375983023602, 0
-384345.7908870661, -6445.55758336155, 0
-384345.61947896273, -6455.739179162359, 0
-384345.4478003115, -6465.92077041886, 0
-384345.2758511125, -6476.102357123888, 0
-384345.10363136587, -6486.283939270276, 0
-384344.9311410718, -6496.465516850856, 0
-384344.7583802303, -6506.647089858461, 0
-384344.5853488415, -6516.828658285925, 0
-384344.4120469056, -6527.0102221260795, 0
-384344.23847442266, -6537.191781371758, 0
-384344.06463139283, -6547.373336015795, 0
-384343.89051781624, -6557.554886051022, 0
-384343.71613369294, -6567.736431470272, 0
-384343.5414790231, -6577.917972266378, 0
-384343.3665538069, -6588.099508432173, 0
-384343.19135804434, -6598.2810399604905, 0
-384343.0158917356, -6608.462566844163, 0
-384342.8401548809, -6618.644089076024, 0
-384342.6641474802, -6628.825606648907, 0
-384342.4878695337, -6639.007119555644, 0
-384342.31132104155, -6649.188627789068, 0
-384342.13450200384, -6659.370131342012, 0
-384341.9574124207, -6669.55163020731, 0
-384341.7800522922, -6679.733124377794, 0
-384341.6024216186, -6689.914613846298, 0
-384341.4245203999, -6700.096098605655, 0
-384341.2463486362, -6710.277578648697, 0
-384341.0679063278, -6720.459053968259, 0
-384340.8891934746, -6730.640524557171, 0
-384340.7102100769, -6740.821990408269, 0
-384340.5309561347, -6751.003451514384, 0
-384340.35143164825, -6761.184907868351, 0
-384340.17163661757, -6771.366359463002, 0
-384339.9915710428, -6781.547806291169, 0
-384339.8112349241, -6791.729248345687, 0
-384339.6306282616, -6801.910685619388, 0
-384339.4497510554, -6812.092118105104, 0
-384339.2686033056, -6822.2735457956705, 0
-384339.0871850124, -6832.454968683919, 0
-384338.9054961759, -6842.636386762683, 0
-384338.7235367962, -6852.817800024796, 0
-384338.5413068735, -6862.999208463091, 0
-384338.35880640784, -6873.1806120704005, 0
-384338.1760353994, -6883.362010839558, 0
-384337.9929938482, -6893.543404763396, 0
-384337.80968175456, -6903.724793834749, 0
-384337.62609911844, -6913.906178046449, 0
-384337.44224594004, -6924.087557391329, 0
-384337.2581222195, -6934.268931862222, 0
-384337.07372795686, -6944.450301451962, 0
-384336.88906315237, -6954.631666153383, 0
-384336.70412780606, -6964.813025959315, 0
-384336.5189219181, -6974.994380862594, 0
-384336.33344548865, -6985.175730856052, 0
-384336.14769851783, -6995.357075932522, 0
-384335.9616810057, -7005.538416084838, 0
-384335.7753929525, -7015.719751305833, 0
-384335.58883435826, -7025.9010815883385, 0
-384335.40200522315, -7036.082406925189, 0
-384335.2149055473, -7046.263727309219, 0
-384335.0275353309, -7056.445042733259, 0
-384334.83989457396, -7066.626353190143, 0
-384334.6519832767, -7076.807658672705, 0
-384334.4638014392, -7086.988959173777, 0
-384334.27534906165, -7097.170254686194, 0
-384334.0866261441, -7107.351545202788, 0
-384333.89763268677, -7117.532830716392, 0
-384333.70836868975, -7127.714111219839, 0
-384333.51883415313, -7137.895386705963, 0
-384333.3290290771, -7148.076657167596, 0
-384333.1389534618, -7158.257922597572, 0
-384332.9486073073, -7168.439182988725, 0
-384332.75799061375, -7178.620438333887, 0
-384332.5671033813, -7188.801688625892, 0
-384332.37594561017, -7198.982933857573, 0
-384332.1845173004, -7209.164174021762, 0
-384331.9928184521, -7219.3454091112935, 0
-384331.8008490655, -7229.526639119001, 0
-384331.6086091406, -7239.707864037717, 0
-384331.41609867767, -7249.889083860274, 0
-384331.22331767675, -7260.070298579506, 0
-384331.03026613797, -7270.251508188247, 0
-384330.8369440615, -7280.432712679329, 0
-384330.6433514475, -7290.613912045586, 0
-384330.44948829606, -7300.795106279852, 0
-384330.25535460736, -7310.976295374959, 0
-384330.0609503815, -7321.15747932374, 0
-384329.8662756186, -7331.338658119029, 0
-384329.67133031884, -7341.519831753659, 0
-384329.4761144823, -7351.701000220463, 0
-384329.28062810923, -7361.882163512275, 0
-384329.0848711997, -7372.063321621928, 0
-384328.8888437538, -7382.2444745422545, 0
-384328.69254577166, -7392.425622266089, 0
-384328.4959772535, -7402.606764786264, 0
-384328.29913819936, -7412.7879020956125, 0
-384328.1020286095, -7422.969034186968, 0
-384327.90464848396, -7433.150161053165, 0
-384327.7069978229, -7443.331282687035, 0
-384327.5090766265, -7453.512399081413, 0
-384327.31088489486, -7463.693510229131, 0
-384327.11242262815, -7473.874616123023, 0
-384326.91368982644, -7484.055716755922, 0
-384326.71468648996, -7494.236812120661, 0
-384326.51541261876, -7504.417902210073, 0
-384326.315868213, -7514.598987016993, 0
-384326.11605327285, -7524.780066534253, 0
-384325.91596779844, -7534.961140754686, 0
-384325.7156117899, -7545.142209671127, 0
-384325.5149852474, -7555.323273276407, 0
-384325.31408817106, -7565.504331563361, 0
-384325.112920561, -7575.685384524822, 0
-384324.9114824174, -7585.8664321536235, 0
-384324.7097737403, -7596.047474442598, 0
-384324.50779453, -7606.22851138458, 0
-384324.30554478656, -7616.409542972402, 0
-384324.1030245101, -7626.590569198898, 0
-384323.90023370076, -7636.771590056901, 0
-384323.6971723587, -7646.952605539244, 0
-384323.49384048407, -7657.1336156387615, 0
-384323.290238077, -7667.314620348286, 0
-384323.08636513766, -7677.495619660651, 0
-384322.88222166616, -7687.676613568689, 0
-384322.67780766264, -7697.857602065235, 0
-384322.47312312725, -7708.038585143122, 0
-384322.26816806017, -7718.219562795182, 0
-384322.0629424615, -7728.400535014251, 0
-384321.8574463314, -7738.58150179316, 0
-384321.65167967003, -7748.762463124744, 0
-384321.4456424775, -7758.943419001835, 0
-384321.23933475395, -7769.124369417266, 0
-384321.03275649954, -7779.305314363873, 0
-384320.8259077144, -7789.486253834487, 0
-384320.6187883987, -7799.667187821943, 0
-384320.41139855253, -7809.848116319074, 0
-384320.2037381761, -7820.029039318712, 0
-384319.99580726953, -7830.209956813693, 0
-384319.787605833, -7840.390868796848, 0
-384319.5791338666, -7850.571775261012, 0
-384319.3703913705, -7860.7526761990175, 0
-384319.1613783448, -7870.9335716036985, 0
-384318.9520947897, -7881.114461467889, 0
-384318.74254070537, -7891.295345784421, 0
-384318.5327160919, -7901.47622454613, 0
-384318.3226209495, -7911.657097745847, 0
-384318.1122552782, -7921.837965376407, 0
-384317.90161907824, -7932.018827430643, 0
-384317.6907123498, -7942.199683901388, 0
-384317.4795350929, -7952.380534781477, 0
-384317.2680873078, -7962.561380063742, 0
-384317.0563689946, -7972.742219741017, 0
-384316.84438015346, -7982.923053806136, 0
-384316.6321207845, -7993.103882251931, 0
-384316.4195908879, -8003.284705071238, 0
-384316.2067904638, -8013.465522256888, 0
-384315.99371951236, -8023.646333801716, 0
-384315.7803780337, -8033.827139698555, 0
-384315.566766028, -8044.007939940238, 0
-384315.3528834954, -8054.1887345196, 0
