-386226.64931319916, -318.60081923305523, -3.2876825041593273e-13
-386224.8297652111, -345.14562037739927, -3.8578326974183506e-13
-386222.8635548297, -371.68387080655714, -4.473385038162384e-13
-386220.7505946319, -398.21384290823005, -5.134290689900175e-13
-386218.49078810454, -424.73421289445866, -5.840497031913084e-13
-386216.0840505421, -451.2436529778452, -6.591947681560778e-13
-386213.5303091394, -477.7408314674489, -7.388582478399844e-13
-386210.8295030839, -504.2244128665073, -8.230337468577083e-13
-386207.9815836477, -530.6930579719966, -9.11714488950728e-13
-386204.986514279, -557.1454239760436, -1.0048933154845303e-12
-386201.84427069285, -583.5801645692017, -1.1025626839762597e-12
-386198.554840962, -609.9959300456014, -1.2047146666538156e-12
-386195.11822560645, -636.391367409989, -1.3113409490474281e-12
-386191.534437683, -662.7651204866612, -1.4224328286147488e-12
-386187.80350287387, -689.1158300303086, -1.5379812134005046e-12
-386183.9254595747, -715.4421338387762, -1.657976620731777e-12
-386179.90035898203, -741.7426668677501, -1.7824091759499792e-12
-386175.72826517985, -768.016061347381, -1.9112686111806116e-12
-386171.40925522544, -794.2609469008489, -2.0445442641418914e-12
-386166.9434192344, -820.4759506648805, -2.1822250769933583e-12
-386162.330860465, -846.6596974122228, -2.324299595225569e-12
-386157.57169540133, -872.8108096760811, -2.4707559665920043e-12
-386152.66605383577, -898.9279078765261, -2.621581940084319e-12
-386147.6140789505, -925.0096104488745, -2.7767648649520795e-12
-386142.4159273977, -951.0545339740484, -2.936291689768129e-12
-386137.07176937937, -977.0612933109155, -3.100148961540745e-12
-386131.5817887251, -1003.0285017306137, -3.268322824873749e-12
-386125.94618296967, -1028.9547710528605, -3.440799021175741e-12
-386120.16516342876, -1054.8387117842506, -3.6175628879196312e-12
-386114.2389552738, -1080.6789332585386, -3.798599357953657e-12
-386108.1677976056, -1106.4740437789094, -3.98389295886507e-12
-386101.9519435265, -1132.2226507622322, -4.1734278123976924e-12
-386095.59166021104, -1157.923360885297, -4.3671876339245214e-12
-386089.0872289756, -1183.5747802330295, -4.5651557319766096e-12
-386082.4389453465, -1209.1755144486806, -4.767315007829399e-12
-386075.6471191262, -1234.7241688859847, -4.9736479551477275e-12
-386068.71207445866, -1260.2193487632808, -5.184136659690715e-12
-386061.6341498924, -1285.6596593195889, -5.398762799077729e-12
-386054.41369844245, -1311.0437059726332, -5.617507642616641e-12
-386047.05108765047, -1336.3700944788034, -5.840352051195589e-12
-386039.54669964296, -1361.637431095042, -6.067276477239437e-12
-386031.9009311879, -1386.8443227426487, -6.298260964732141e-12
-386024.11419374956, -1411.9893771729855, -6.533285149306231e-12
-386016.1869135412, -1437.0712031350715, -6.772328258400586e-12
-386008.11953157635, -1462.0884105450518, -7.015369111487712e-12
-385999.91250371735, -1487.0396106575229, -7.2623861203716986e-12
-385991.5663007226, -1511.9234162386977, -7.513357289558028e-12
-385983.0814082913, -1536.738441741393, -7.768260216696427e-12
-385974.45832710626, -1561.4833034818166, -8.027072093097903e-12
-385965.6975728744, -1586.1566198181351, -8.289769704327126e-12
-385956.799676365, -1610.7570113307984, -8.556329430871308e-12
-385947.76518344606, -1635.2831010045977, -8.826727248886694e-12
-385938.59465511766, -1659.7335144124315, -9.100938731023794e-12
-385929.2886675435, -1684.1068799007533, -9.378939047332458e-12
-385919.84781207977, -1708.4018287766717, -9.660702966247886e-12
-385910.2726953015, -1732.6169954966763, -9.946204855658638e-12
-385900.5639390267, -1756.751017856955, -1.0235418684057708e-11
-385890.72218033735, -1780.802537185274, -1.0528318021777704e-11
-385880.74807159835, -1804.7701985343842, -1.0824876042311143e-11
-385870.64228047326, -1828.6526508769202, -1.1125065523716865e-11
-385860.4054899378, -1852.448547301755, -1.1428858850113539e-11
-385850.0383982902, -1876.1565452117734, -1.1736228013261217e-11
-385839.5417191589, -1899.7753065230213, -1.2047144614231873e-11
-385828.9161815071, -1923.3034978651951, -1.2361579865169805e-11
-385818.1625296351, -1946.739790783424, -1.267950459114281e-11
-385807.2815231786, -1970.0828619413032, -1.300088923208495e-11
-385796.27393710485, -1993.3313933251327, -1.3325703844831752e-11
-385785.1405617053, -2016.484072449314, -1.3653918105248615e-11
-385773.8822025853, -2039.539592562856, -1.398550131045319e-11
-385762.49968065054, -2062.4966528569407, -1.432042238113244e-11
-385750.9938320904, -2085.3539586734964, -1.4658649863955098e-11
-385739.3655083579, -2108.110221714726, -1.500015193408014e-11
-385727.61557614635, -2130.7641602535336, -1.534489639776192e-11
-385715.7449173629, -2153.314499344798, -1.569285069505252e-11
-385703.75442909857, -2175.759971037428, -1.604398190260187e-11
-385691.6450235945, -2198.0993145871475, -1.6398256736556114e-11
-385679.41762820556, -2220.331276669946, -1.67556415555547e-11
-385667.0731853596, -2242.454611596133, -1.7116102363826578e-11
-385654.6126525137, -2264.468081524931, -1.7479604814385894e-11
-385642.03700210684, -2286.3704566795464, -1.784611421232748e-11
-385629.3472215084, -2308.160515562645, -1.8215595518222414e-11
-385616.5443129638, -2329.8370451721726, -1.8588013351613887e-11
-385603.62929353595, -2351.3988412174426, -1.8963331994613525e-11
-385590.6031950433, -2372.8447083354263, -1.9341515395598304e-11
-385577.46706399374, -2394.17346030717, -1.972252717300812e-11
-385564.2219615152, -2415.383920274267, -2.0106330619244028e-11
-385550.86896328215, -2436.47492095531, -2.0492888704667113e-11
-385537.4091594385, -2457.445304862247, -2.088216408169789e-11
-385523.84365451644, -2478.2939245165635, -2.1274119089016093e-11
-385510.17356735165, -2499.019642665212, -2.1668715755860615e-11
-385496.40003099444, -2519.6213324962123, -2.2065915806429383e-11
-385482.52419261716, -2540.0978778538365, -2.2465680664378768e-11
-385468.5472134174, -2560.448173453301, -2.2867971457422196e-11
-385454.47026851773, -2580.6711250948815, -2.3272749022027482e-11
-385440.2945468611, -2600.7656498773667, -2.3679973908212382e-11
-385426.0212511024, -2620.7306764107643, -2.4089606384437786e-11
-385411.6515974961, -2640.5651450281775, -2.450160644259789e-11
-385397.18681578006, -2660.2680079967618, -2.4915933803106688e-11
-385382.6281490549, -2679.8382297276753, -2.5332547920079953e-11
-385367.97685366, -2699.274786984937, -2.5751407986611924e-11
-385353.2341990452, -2718.5766690930973, -2.6172472940145758e-11
-385338.40146763844, -2737.742878143644, -2.6595701467936816e-11
-385323.47995470953, -2756.7724292000366, -2.7021052012607687e-11
-385308.4709682303, -2775.664350501295, -2.7448482777793925e-11
-385293.37582873, -2794.4176836640377, -2.7877951733879252e-11
-385278.19586914784, -2813.0314838828917, -2.8309416623819047e-11
-385262.93243468046, -2831.5048201291684, -2.8742834969050776e-11
-385247.5868826264, -2849.8367753477237, -2.917816407549002e-11
-385232.16058222624, -2868.026446651909, -2.961536103961062e-11
-385216.65491449885, -2886.0729455165133, -3.0054382754607474e-11
-385201.071272074, -2903.975397968617, -3.0495185916640406e-11
-385185.4110590212, -2921.7329447762527, -3.093772703115739e-11
-385169.6756906742, -2939.3447416347894, -3.138196241929555e-11
-385153.8665934527, -2956.8099593509455, -3.182784822435806e-11
-385137.98520467925, -2974.127784024339, -3.22753404183651e-11
-385122.03297239327, -2991.297417226485, -3.272439480867707e-11
-385106.0113551611, -3008.3180761771496, -3.317496704468796e-11
-385089.9218218825, -3025.188993917969, -3.3627012624586934e-11
-385073.76585159346, -3041.909419483248, -3.408048690218601e-11
-385057.5449332658, -3058.478618067842, -3.4535345093811664e-11
-385041.26056560286, -3074.8958711920473, -3.4991542285258144e-11
-385024.9142568324, -3091.160476863398, -3.544903343880027e-11
-385008.50752449536, -3107.271749735294, -3.590777340026333e-11
-384992.041895232, -3123.2290212623743, -3.6367716906147693e-11
-384975.51890456444, -3139.0316398525442, -3.682881859080574e-11
-384958.9400966762, -3154.6789710155854, -3.729103299366858e-11
-384942.30702418834, -3170.1703975082582, -3.775431456652001e-11
-384925.621247933, -3185.505319475822, -3.821861768081511e-11
-384908.8843367236, -3200.6831545898926, -3.868389663504088e-11
-384892.0978671221, -3215.7033381825618, -3.915010566211617e-11
-384875.26342320384, -3230.5653233767025, -3.961719893682819e-11
-384858.38259631913, -3245.268581212389, -4.0085130583302856e-11
-384841.4569848526, -3259.812600769358, -4.0553854682506064e-11
-384824.4881939796, -3274.1968892854406, -4.102332527977317e-11
-384807.47783542017, -3288.420972270901, -4.149349639236364e-11
-384790.4275271909, -3302.484393618615, -4.19643220170381e-11
-384773.3388933539, -3316.3867157100226, -4.243575613765466e-11
-384756.21356376394, -3330.127519516797, -4.2907752732781654e-11
-384739.05317381345, -3343.7064046981677, -4.338026578332376e-11
-384721.859364175, -3357.122989693847, -4.3853249280158465e-11
-384704.63378054235, -3370.376911812496, -4.432665723177979e-11
-384687.37807336927, -3383.467827315689, -4.480044367194622e-11
-384670.0938976066, -3396.3954114973203, -4.5274562667329736e-11
-384652.7829124379, -3409.159358758408, -4.574896832516288e-11
-384635.44678101334, -3421.759382677254, -4.622361480088072e-11
-384618.08717018185, -3434.1952160749147, -4.669845630575456e-11
-384600.70575022243, -3446.4666110759467, -4.717344711451438e-11
-384583.3041945738, -3458.57333916439, -4.7648541572956716e-11
-384565.8841795629, -3470.515191234957, -4.8123694105534964e-11
-384548.44738413277, -3482.2919776393987, -4.8598859222929e-11
-384530.9954895687, -3493.9035282280156, -4.9073991529590925e-11
-384513.53017922427, -3505.3496923862954, -4.954904573126383e-11
-384496.05313824624, -3516.6303390666535, -5.002397664247056e-11
-384478.566053299, -3527.745356815257, -5.049873919396935e-11
-384461.0706122885, -3538.694653793918, -5.0973288440173213e-11
-384443.56850408553, -3549.4781577970452, -5.1447579566530146e-11
-384426.0614182491, -3560.0958162636434, -5.1921567896861067e-11
-384408.5510447494, -3570.5475962843543, -5.239520890065248e-11
-384391.03907369066, -3580.8334846035364, -5.2868458200300954e-11
-384373.52719503426, -3590.953487616384, -5.334127157830642e-11
-384356.0170983218, -3600.907631361089, -5.3813604984411426e-11
-384338.5104723985, -3610.6959615060514, -5.4285414542683515e-11
-384321.00900513685, -3620.318543332144, -5.475665655853778e-11
-384303.51438316127, -3629.7754617100536, -5.5227287525696993e-11
-384286.02829157247, -3639.066821072699, -5.569726413308638e-11
-384268.5524136735, -3648.192745382761, -5.61665432716605e-11
-384251.08843069576, -3657.153378095332, -5.6635082041159514e-11
-384233.6380215266, -3665.9488821157142, -5.7102837756792245e-11
-384216.2028624375, -3674.5794397524014, -5.756976795584351e-11
-384198.78462681366, -3683.0452526652575, -5.803583040420326e-11
-384181.3849848847, -3691.3465418089427, -5.8500983102815e-11
-384164.0056034567, -3699.4835473716107, -5.896518429404135e-11
-384146.6481456458, -3707.456528708922, -5.942839246794406e-11
-384129.31427061337, -3715.2657642734125, -5.989056636847668e-11
-384112.0056333026, -3722.91155153926, -6.035166499958737e-11
-384094.72388417716, -3730.3942069224986, -6.081164763122986e-11
-384077.47066896135, -3737.714065696729, -6.127047380528053e-11
-384060.2476283827, -3744.871481904374, -6.172810334135964e-11
-384043.05639791605, -3751.8668282635354, -6.218449634255468e-11
-384025.8986075302, -3758.7004960705126, -6.263961320104419e-11
-384008.77588143665, -3765.372895098033, -6.309341460362015e-11
-383991.6898378404, -3771.8844534892646, -6.35458615371074e-11
-383974.6420886935, -3778.2356176476687, -6.399691529367814e-11
-383957.6342394512, -3784.426852122759, -6.444653747606053e-11
-383940.66788883, -3790.4586394918374, -6.489469000263933e-11
-383923.7446285691, -3796.331480237772, -6.534133511244762e-11
-383906.8660431942, -3802.0458926228935, -6.578643537004817e-11
-383890.03370978404, -3807.6024125590757, -6.622995367030305e-11
-383873.24919774005, -3813.0015934740863, -6.667185324303068e-11
-383856.5140685588, -3818.2440061742736, -6.711209765754893e-11
-383839.82987560757, -3823.3302387036724, -6.755065082710343e-11
-383823.1981639029, -3828.2608961996107, -6.798747701318018e-11
-383806.62046989234, -3833.036600744894, -6.842254082970156e-11
-383790.09832123935, -3837.6579912166508, -6.885580724710501e-11
-383773.63323661167, -3842.1257231319264, -6.92872415963037e-11
-383757.2267254727, -3846.4404684901037, -6.971680957252865e-11
-383740.88028787664, -3850.6029156122418, -7.014447723905161e-11
-383724.5954142667, -3854.6137689774173, -7.057021103078848e-11
-383708.37358527695, -3858.4737490561565, -7.099397775778269e-11
-383692.2162715379, -3862.1835921410443, -7.141574460856833e-11
-383676.12493348523, -3865.7440501746046, -7.183547915341291e-11
-383660.10102117254, -3869.1558905745364, -7.225314934743942e-11
-383644.1459740874, -3872.419896056398, -7.266872353362769e-11
-383628.2612209715, -3875.536864453833, -7.30821704456952e-11
-383612.448179644, -3878.507608536422, -7.349345921085706e-11
-383596.70825682936, -3881.3329558252613, -7.390255935246573e-11
-383581.042847988, -3884.0137484063507, -7.430944079253033e-11
-383565.4533371518, -3886.5508427418904, -7.471407385411604e-11
-383549.9410967625, -3888.945109479572, -7.511642926362387e-11
-383534.50748751464, -3891.197433259959, -7.551647815295107e-11
-383519.1538582021, -3893.308712522052, -7.591419206153299e-11
-383503.88154556847, -3895.27985930712, -7.630954293826651e-11
-383488.6918741614, -3897.1117990609027, -7.6702503143316e-11
-383473.586156191, -3898.8054704342603, -7.709304544980225e-11
-383458.5656913918, -3900.3618250823747, -7.74811430453751e-11
-383443.63176688907, -3901.7818274625847, -7.786676953367067e-11
-383428.78565706866, -3903.066454630946, -7.824989893565387e-11
-383414.0286234512, -3904.216696037605, -7.863050569084718e-11
-383399.36191457, -3905.2335533210794, -7.900856465844651e-11
-383384.78676585265, -3906.118040101525, -7.938405111832526e-11
-383370.3043995072, -3906.871181773084, -7.975694077192745e-11
-383355.91602441145, -3907.494015295396, -8.012720974305117e-11
-383341.62283600686, -3907.987588984357, -8.04948345785233e-11
-383327.42601619597, -3908.352962302216, -8.085979224876682e-11
-383313.32673324377, -3908.591205647085, -8.122206014826167e-11
-383299.326141683, -3908.7034001419524, -8.158161609590079e-11
-383285.4253822233, -3908.6906374232726, -8.193843833524217e-11
-383271.6255816641, -3908.5540194292225, -8.229250553465854e-11
-383257.92785281164, -3908.294658187695, -8.264379678738599e-11
-383244.33329439926, -3907.913675604111, -8.299229161147278e-11
-383230.8429910119, -3907.41220324913, -8.333796994962987e-11
-383217.4580130143, -3906.791382146325, -8.368081216898456e-11
-383204.17941648257, -3906.052362559909, -8.402079906073877e-11
-383191.00824314, -3905.196303782575, -8.435791183973331e-11
-383177.94552029605, -3904.2243739235255, -8.469213214391982e-11
-383164.9922607892, -3903.1377496967634, -8.502344203374184e-11
-383152.1494629334, -3901.9376162097087, -8.535182399142652e-11
-383139.418110468, -3900.625166752211, -8.567726092018871e-11
-383126.7991725112, -3899.2016025860253, -8.599973614334883e-11
-383114.2936035171, -3897.66813273481, -8.63192334033662e-11
-383101.9023432362, -3896.025973774718, -8.663573686078956e-11
-383089.6263166792, -3894.276349625633, -8.694923109312633e-11
-383077.46643408417, -3892.420491343121, -8.725970109363212e-11
-383065.42359088734, -3890.4596369111464, -8.756713227002245e-11
-383053.49866769667, -3888.3950310356167, -8.787151044310811e-11
-383041.69253026915, -3886.2279249388066, -8.81728218453559e-11
-383030.00602949114, -3883.959576154718, -8.847105311937644e-11
-383018.44000136177, -3881.5912483254274, -8.876619131634074e-11
-383006.9952669797, -3879.124210998472, -8.905822389432716e-11
-382995.6726325325, -3876.5597394253223, -8.934713871660056e-11
-382984.4728892897, -3873.8991143609924, -8.963292404982516e-11
-382973.39681359846, -3871.1436218648296, -8.991556856221296e-11
-382962.44516688184, -3868.2945531025325, -9.019506132160928e-11
-382951.61869564065, -3865.3532041494386, -9.047139179351717e-11
-382940.9181314577, -3862.320875795123, -9.074454983906239e-11
-382930.34419100493, -3859.1988733493495, -9.101452571290048e-11
-382919.89757605334, -3855.988506449412, -9.128131006106779e-11
-382909.5789734854, -3852.6910888689035, -9.154489391877796e-11
-382899.38905531046, -3849.30793832795, -9.180526870816562e-11
-382889.3284786824, -3845.8403763049405, -9.206242623597884e-11
-382879.39788592, -3842.289727849789, -9.231635869122204e-11
-382869.59790453, -3838.657321398759, -9.256705864275092e-11
-382859.9291472319, -3834.94448859088, -9.281451903682106e-11
-382850.3922119861, -3831.1525640859845, -9.305873319459178e-11
-382840.98768202367, -3827.282885384393, -9.32996948095868e-11
-382831.71612587856, -3823.336792648275, -9.353739794511329e-11
-382822.5780974224, -3819.315628524707, -9.377183703164087e-11
-382813.57413590094, -3815.2207379704505, -9.40030068641421e-11
-382804.70476597315, -3811.0534680784785, -9.423090259939589e-11
-382795.970497752, -3806.8151679062616, -9.445551975325558e-11
-382787.3718268476, -3802.5071883058395, -9.467685419788276e-11
-382778.909234412, -3798.1308817556937, -9.489490215894876e-11
-382770.5831871863, -3793.6876021944413, -9.510966021280491e-11
-382762.39413754916, -3789.178704856357, -9.532112528362321e-11
-382754.3425235678, -3784.60554610875, -9.55292946405087e-11
-382746.4287690502, -3779.9694832911973, -9.573416589458497e-11
-382738.65328359953, -3775.2718745566563, -9.593573699605425e-11
-382731.0164626696, -3770.5140787144564, -9.613400623123327e-11
-382723.5186876228, -3765.697455075191, -9.63289722195664e-11
-382716.160325789, -3760.823363297509, -9.65206339106173e-11
-382708.94173052633, -3755.893163236819, -9.670899058104034e-11
-382701.8632412833, -3750.9082147959143, -9.68940418315331e-11
-382694.9251836624, -3745.8698777775185, -9.707578758377127e-11
-382688.12786948535, -3740.779511738761, -9.725422807732704e-11
-382681.4715968593, -3735.6384758475856, -9.742936386657229e-11
-382674.95665024465, -3730.448128741095, -9.760119581756773e-11
-382668.58330052416, -3725.2098283858318, -9.776972510493915e-11
-382662.3518050731, -3719.9249319399996, -9.793495320874196e-11
-382656.2624078307, -3714.594795617621, -9.809688191131507e-11
-382650.3153393728, -3709.220774554636, -9.825551329412528e-11
-382644.5108169855, -3703.8042226769376, -9.841084973460325e-11
-382638.8490447401, -3698.3464925703393, -9.8562893902972e-11
-382633.3302135686, -3692.848935352478, -9.871164875906916e-11
-382627.9545013407, -3687.312900546643, -9.88571175491638e-11
-382622.7220729414, -3681.7397359575293, -9.899930380276897e-11
-382617.6330803497, -3676.1307875489097, -9.913821132945075e-11
-382612.68766271794, -3670.4873993232204, -9.927384421563497e-11
-382607.88594645227, -3664.810913203051, -9.940620682141237e-11
-382603.22804529354, -3659.1026689145365, -9.953530377734316e-11
-382598.71406039933, -3653.36400387264, -9.966113998126173e-11
-382594.3440804264, -3647.5962530683173, -9.97837205950827e-11
-382590.1181816139, -3641.8007489575593, -9.990305104160873e-11
-382586.0364278673, -3635.978821352296, -1.0001913700134125e-10
-382582.0988708428, -3630.131797313159, -1.0013198440929467e-10
-382578.30555003224, -3624.261001044087, -1.0024159945181498e-10
-382574.65649284906, -3618.367753788766, -1.0034798856340345e-10
-382571.15171471395, -3612.453373728891, -1.0045115842354625e-10
-382567.79121914174, -3606.519175884242, -1.0055111595355042e-10
-382564.5749978281, -3600.566472014553, -1.0064786831338735e-10
-382561.5030307372, -3594.596570523171, -1.0074142289854394e-10
-382558.5752861894, -3588.6107763624887, -1.0083178733688255e-10
-382555.7917209492, -3582.6103909411313, -1.0091896948550998e-10
-382553.1522803139, -3576.5967120328955, -1.0100297742765642e-10
-382550.6568982024, -3570.571033687415, -1.0108381946956472e-10
-382548.3054972439, -3564.5346461425443, -1.0116150413739076e-10
-382546.09798886743, -3558.488835738448, -1.0123604017411536e-10
-382544.0342733912, -3552.434884833372, -1.0130743653646821e-10
-382542.11424011196, -3546.3740717210917, -1.0137570239186457e-10
-382540.33776739525, -3540.3076705500125, -1.01440847115355e-10
-382538.70472276484, -3534.236951243914, -1.0150288028658879e-10
-382537.2149629931, -3528.1631794243167, -1.0156181168679148e-10
-382535.8683341908, -3522.0876163344574, -1.0161765129575688e-10
-382534.6646718975, -3516.011518764858, -1.0167040928885414e-10
-382533.6038011715, -3509.9361389804662, -1.0172009603405023e-10
-382532.6855366803, -3503.862724649358, -1.0176672208894824e-10
-382531.9096827904, -3497.7925187729784, -1.0181029819784187e-10
-382531.2760336579, -3491.7267596179095, -1.0185083528878652e-10
-382530.7843733182, -3485.6666806491426, -1.0188834447068736e-10
-382530.4344757763, -3479.613510464841, -1.0192283703040465e-10
-382530.22610509646, -3473.5684727325765, -1.0195432442987669e-10
-382530.15901549236, -3467.532786127016, -1.019828183032607e-10
-382530.2329514166, -3461.5076642690506, -1.0200833045409199e-10
-382530.44764765, -3455.494315666338, -1.0203087285246159e-10
-382530.8028293917, -3449.4939436552513, -1.0205045763221268e-10
-382531.2982123474, -3443.5077463442067, -1.0206709708815614e-10
-382531.9335028191, -3437.5369165583584, -1.0208080367330535e-10
-382532.70839779364, -3431.582641785642, -1.0209158999613053e-10
-382533.6225850311, -3425.6461041241446, -1.0209946881783288e-10
-382534.6757431533, -3419.7284802307886, -1.0210445304963864e-10
-382535.8675417318, -3413.830941271307, -1.0210655575011335e-10
-382537.19764137565, -3407.954652871495, -1.0210579012249649e-10
-382538.66569381877, -3402.1007750697186, -1.0210216951205654e-10
-382540.2713420073, -3396.2704622706615, -1.0209570740346685e-10
-382542.01422018645, -3390.464863200295, -1.0208641741820232e-10
-382543.89395398676, -3384.6851208620483, -1.0207431331195694e-10
-382545.91016051074, -3378.932372494168, -1.0205940897208266e-10
-382548.06244841835, -3373.207749528239, -1.020417184150493e-10
-382550.3504180127, -3367.5123775488632, -1.0202125578392589e-10
-382552.77366132505, -3361.8473762544604, -1.0199803534588343e-10
-382555.3317621996, -3356.2138594191906, -1.0197207148971924e-10
-382558.0242963777, -3350.6129348559693, -1.0194337872340275e-10
-382560.8508315821, -3345.045704380562, -1.019119716716432e-10
-382563.8109276, -3339.5132637767383, -1.0187786507347895e-10
-382566.9041363667, -3334.016702762474, -1.018410737798886e-10
-382570.13000204775, -3328.5571049571736, -1.0180161275142405e-10
-382573.4880611216, -3323.1355478499077, -1.0175949705586532e-10
-382576.9778424612, -3317.753102768637, -1.0171474186589736e-10
-382580.59886741533, -3312.4108348504146, -1.0166736245680885e-10
-382584.3506498896, -3307.1098030125468, -1.0161737420421283e-10
-382588.2326964268, -3301.8510599246897, -1.0156479258178942e-10
-382592.2445062868, -3296.6356519818764, -1.0150963315905039e-10
-382596.3855715262, -3291.4646192784476, -1.0145191159912583e-10
-382600.65537707706, -3286.3389955828748, -1.0139164365657258e-10
-382605.0534008256, -3281.2598083134576, -1.013288451752048e-10
-382609.5791136902, -3276.2280785148805, -1.0126353208594624e-10
-382614.2319796988, -3271.2448208356104, -1.0119572040470452e-10
-382619.01145606604, -3266.3110435061208, -1.0112542623026717e-10
-382623.9169932696, -3261.427748317927, -1.0105266574221947e-10
-382628.94803512626, -3256.5959306034156, -1.0097745519888408e-10
-382634.10401886754, -3251.8165792164523, -1.0089981093528228e-10
-382639.38437521434, -3247.0906765137543, -1.0081974936111685e-10
-382644.7885284516, -3242.4191983370097, -1.0073728695877659e-10
-382650.3158965021, -3237.8031139957307, -1.0065244028136219e-10
-382655.96589100006, -3233.2433862508237, -1.0056522595073368e-10
-382661.7379173636, -3228.7409712988647, -1.0047566065557909e-10
-382667.6313748674, -3224.2968187570596, -1.0038376114950439e-10
-382673.6456567144, -3219.9118716488806, -1.002895442491447e-10
-382679.78015010693, -3215.587066390361, -1.0019302683229641e-10
-382686.0342363177, -3211.3233327770354, -1.0009422583607044e-10
-382692.40729075955, -3207.121593971508, -9.999315825506628e-11
-382698.8986830556, -3202.982766491642, -9.988984113956686e-11
-382705.50777710794, -3198.9077601993486, -9.978429159375406e-11
-382712.2339311664, -3194.897478289965, -9.967652677394485e-11
-382719.0764978965, -3190.9528172822097, -9.95665638868478e-11
-382726.03482444695, -3187.074667008699, -9.945442018783998e-11
-382733.10825251654, -3183.263910607013, -9.934011297926408e-11
-382740.2961184206, -3179.521424511295, -9.922365960874559e-11
-382747.5977531568, -3175.848078444379, -9.910507746753001e-11
-382755.01248247054, -3172.24473541042, -9.898438398883985e-11
-382762.5396269196, -3168.71225168803, -9.886159664625138e-11
-382770.17850193847, -3165.2514768238902, -9.873673295209097e-11
-382777.92841790203, -3161.8632536268447, -9.860981045585085e-11
-382785.78868018865, -3158.548418162448, -9.848084674262422e-11
-382793.7585892428, -3155.307799747964, -9.834985943155953e-11
-382801.83744063735, -3152.1422209478014, -9.821686617433379e-11
-382810.02452513477, -3149.052497569374, -9.808188465364479e-11
-382818.31912874844, -3146.039438659373, -9.794493258172205e-11
-382826.720532803, -3143.1038465004444, -9.780602769885641e-11
-382835.2280139943, -3140.246516608254, -9.766518777194806e-11
-382843.8408444489, -3137.4682377289328, -9.75224305930729e-11
-382852.5582917829, -3134.7697918368945, -9.737777397806702e-11
-382861.37961916055, -3132.151954133005, -9.72312357651293e-11
-382870.30408535176, -3129.615493043104, -9.708283381344174e-11
-382879.3309447897, -3127.161170216862, -9.693258600180757e-11
-382888.45944762754, -3124.789740526963, -9.678051022730696e-11
-382897.68883979484, -3122.501952068604, -9.662662440396997e-11
-382907.01836305327, -3120.2985461593016, -9.6470946461467e-11
-382916.44725505204, -3118.180257338993, -9.631349434381603e-11
-382925.97474938264, -3116.1478133704263, -9.615428600810706e-11
-382935.6000756331, -3114.201935239824, -9.599333942324311e-11
-382945.3224594417, -3112.343337157818, -9.583067256869801e-11
-382955.1411225507, -3110.572726560641, -9.566630343329053e-11
-382965.0552828586, -3108.8908041115656, -9.55002500139748e-11
-382975.06415447296, -3107.298263702585, -9.533253031464696e-11
-382985.16694776184, -3105.7957924563234, -9.516316234496773e-11
-382995.3628694054, -3104.384070728172, -9.499216411920073e-11
-383005.6511224469, -3103.0637721086323, -9.48195536550666e-11
-383016.03090634284, -3101.8355634258714, -9.464534897261248e-11
-383026.501417013, -3100.7001047484687, -9.446956809309687e-11
-383037.06184688996, -3099.658049388354, -9.42922290378897e-11
-383047.71138496825, -3098.710043903925, -9.411334982738732e-11
-383058.4492168526, -3097.856728103338, -9.393294847994245e-11
-383069.27452480636, -3097.0987350479613, -9.375104301080868e-11
-383080.18648779887, -3096.4366910559875, -9.356765143109964e-11
-383091.18428155297, -3095.871215706194, -9.338279174676243e-11
-383102.2670785915, -3095.402921841846, -9.319648195756528e-11
-383113.43404828385, -3095.032415574732, -9.300874005609928e-11
-383124.68435689167, -3094.76029628933, -9.281958402679395e-11
-383136.0171676144, -3094.5871566470905, -9.262903184494658e-11
-383147.4316406345, -3094.5135825908337, -9.24371014757651e-11
-383158.9269331617, -3094.540153349256, -9.224381087342435e-11
-383170.5021994776, -3094.6674414415297, -9.204917798013562e-11
-383182.15659097914, -3094.8960126820034, -9.185322072522925e-11
-383193.88925622223, -3095.226426184982, -9.165595702425018e-11
-383205.6993409646, -3095.659234369591, -9.145740477806625e-11
-383217.5859882084, -3096.1949829647147, -9.125758187198912e-11
-383229.5483382425, -3096.834211013999, -9.105650617490768e-11
-383241.5855286841, -3097.5774508809177, -9.08541955384337e-11
-383253.6966945203, -3098.425228253897, -9.065066779605968e-11
-383265.8809681491, -3099.3780621514848, -9.044594076232865e-11
-383278.1374794201, -3100.436464927569, -9.024003223201582e-11
-383290.4653556748, -3101.6009422766306, -9.003295997932198e-11
-383302.86372178636, -3102.8719932390327, -8.98247417570783e-11
-383315.3317001994, -3104.2501102063356, -8.961539529596262e-11
-383327.86841096904, -3105.7357789266352, -8.940493830372692e-11
-383340.47297179996, -3107.329478509917, -8.919338846443587e-11
-383353.1444980846, -3109.0316814334246, -8.898076343771633e-11
-383365.88210294174, -3110.8428535470343, -8.876708085801761e-11
-383378.684897254, -3112.7634540786303, -8.855235833388238e-11
-383391.5519897055, -3114.79393563948, -8.8336613447228e-11
-383404.4824868189, -3116.9347442296003, -8.811986375263828e-11
-383417.47549299255, -3119.186319243113, -8.790212677666539e-11
-383430.5301105367, -3121.5490934735826, -8.768342001714179e-11
-383443.64543971, -3124.0234931193354, -8.746376094250211e-11
-383456.82057875517, -3126.6099377887513, -8.724316699111475e-11
-383470.0546239348, -3129.308840505527, -8.702165557062312e-11
-383483.3466695665, -3132.120607713907, -8.679924405729635e-11
-383496.6958080583, -3135.0456392838746, -8.657594979538933e-11
-383510.1011299429, -3138.084328516305, -8.635179009651199e-11
-383523.5617239125, -3141.2370621480695, -8.612678223900754e-11
-383537.0766768527, -3144.5042203570915, -8.590094346733973e-11
-383550.6450738768, -3147.886176767352, -8.567429099148887e-11
-383564.26599835895, -3151.3832984538353, -8.544684198635642e-11
-383577.93853196804, -3154.9959459474176, -8.521861359117823e-11
-383591.66175470036, -3158.7244732396903, -8.498962290894602e-11
-383605.4347449128, -3162.5692277877165, -8.47598870058372e-11
-383619.25657935534, -3166.53055051872, -8.452942291065278e-11
-383633.12633320346, -3170.608775834696, -8.429824761426325e-11
-383647.0430800903, -3174.8042316169526, -8.406637806906231e-11
-383661.00589213864, -3179.1172392305652, -8.383383118842832e-11
-383675.01383999235, -3183.5481135287537, -8.360062384619343e-11
-383689.0659928482, -3188.097162857173, -8.336677287612001e-11
-383703.1614184868, -3192.7646890581136, -8.31322950713846e-11
-383717.2991833039, -3197.550987474616, -8.289720718406898e-11
-383731.47835234104, -3202.456346954484, -8.266152592465831e-11
-383745.6979893163, -3207.481049854211, -8.242526796154635e-11
-383759.9571566547, -3212.6253720428, -8.218844992054743e-11
-383774.25491551834, -3217.889582905486, -8.195108838441514e-11
-383788.59032583673, -3223.2739453473555, -8.171319989236774e-11
-383802.9624463364, -3228.778715796859, -8.147480093961995e-11
-383817.37033457076, -3234.4041442092157, -8.123590797692113e-11
-383831.81304694957, -3240.1504740697064, -8.099653741009972e-11
-383846.2896387683, -3246.0179423968593, -8.075670559961386e-11
-383860.7991642374, -3252.0067797455154, -8.051642886010795e-11
-383875.34067651135, -3258.117210209781, -8.027572345997518e-11
-383889.91322771757, -3264.349451425863, -8.003460562092584e-11
-383904.5158689851, -3270.703714574781, -7.979309151756125e-11
-383919.1476504733, -3277.180204384959, -7.955119727695338e-11
-383933.8076214003, -3283.779119134697, -7.930893897822982e-11
-383948.49483007134, -3290.5006506545124, -7.906633265216413e-11
-383963.2083239071, -3297.3449843293583, -7.882339428077148e-11
-383977.9471494717, -3304.3122991007126, -7.858013979690935e-11
-383992.71035250084, -3311.402767468538, -7.833658508388331e-11
-384007.49697792943, -3318.6165554931104, -7.809274597505768e-11
-384022.30606991966, -3325.953822796716, -7.784863825347108e-11
-384037.1366718885, -3333.4147225652146, -7.760427765145658e-11
-384051.9878265355, -3340.9994015494694, -7.735967985026656e-11
-384066.8585758699, -3348.7080000666388, -7.711486047970206e-11
-384081.7479612385, -3356.5406520013344, -7.686983511774651e-11
-384096.6550233528, -3364.497484806638, -7.662461929020376e-11
-384111.57880231633, -3372.5786195049836, -7.637922847034034e-11
-384126.5183376516, -3380.784170688897, -7.613367807853191e-11
-384141.4726683276, -3389.114246521596, -7.588798348191354e-11
-384156.4408327866, -3397.568948737451, -7.564215999403408e-11
-384171.42186897143, -3406.1483726423007, -7.53962228745143e-11
-384186.4148143522, -3414.852607113628, -7.515018732870872e-11
-384201.41870595334, -3423.6817346005932, -7.490406850737112e-11
-384216.4325803807, -3432.6358311239214, -7.465788150632361e-11
-384231.45547384804, -3441.7149662756483, -7.441164136612909e-11
-384246.48642220406, -3450.9192032187198, -7.416536307176709e-11
-384261.5244609593, -3460.248598686449, -7.391906155231298e-11
-384276.5686253128, -3469.703202981827, -7.367275168062019e-11
-384291.617950179, -3479.283059976688, -7.34264482730057e-11
-384306.67147021426, -3488.9882071107313, -7.318016608893844e-11
-384321.72821984405, -3498.818675390396, -7.293391983073058e-11
-384336.78723328933, -3508.774489387591, -7.26877241432318e-11
-384351.8475445936, -3518.85566723828, -7.244159361352619e-11
-384366.9081876497, -3529.062220640921, -7.21955427706318e-11
-384381.9681962263, -3539.39415485476, -7.194958608520295e-11
-384397.0266039952, -3549.85146869798, -7.170373796923486e-11
-384412.0824445578, -3560.4341545457073, -7.14580127757708e-11
-384427.1347514724, -3571.14219832787, -7.121242479861159e-11
-384442.1825582807, -3581.9755795269157, -7.096698827202728e-11
-384457.2248985352, -3592.934271175383, -7.072171737047118e-11
-384472.2608058258, -3604.0182398533325, -7.047662620829584e-11
-384487.28931380744, -3615.227445685633, -7.023172883947117e-11
-384502.30945622665, -3626.561842339108, -6.998703925730447e-11
-384517.32026694925, -3638.0213770195382, -6.974257139416237e-11
-384532.3207799873, -3649.605990468528, -6.949833912119458e-11
-384547.3100295267, -3661.315616960226, -6.925435624805938e-11
-384562.28704995435, -3673.1501842979133, -6.901063652265077e-11
-384577.25087588595, -3685.1096138104485, -6.87671936308272e-11
-384592.2005421934, -3697.1938203485806, -6.85240411961419e-11
-384607.1350840326, -3709.402712281121, -6.828119277957458e-11
-384622.0535368713, -3721.7361914909843, -6.803866187926456e-11
-384636.95493651676, -3734.194153371095, -6.77964619302452e-11
-384651.8383191441, -3746.7764868201602, -6.755460630417967e-11
-384666.70272132417, -3759.483074238312, -6.731310830909772e-11
-384681.547180052, -3772.313791522621, -6.70719811891338e-11
-384696.37073277484, -3785.2685080624806, -6.683123812426607e-11
-384711.1724174212, -3798.3470867348638, -6.659089223005649e-11
-384725.95127242897, -3811.5493838994557, -6.63509565573918e-11
-384740.70633677446, -3824.8752493936618, -6.611144409222539e-11
-384755.4366500013, -3838.3245265274945, -6.587236775531999e-11
-384770.14125224954, -3851.897052078338, -6.563374040199107e-11
-384784.81918428466, -3865.592656285597, -6.539557482185099e-11
-384799.4694875272, -3879.4111628452256, -6.515788373855371e-11
-384814.09120408236, -3893.352388904144, -6.492067980954014e-11
-384828.6833767695, -3907.416145054541, -6.468397562578393e-11
-384843.2450491521, -3921.6022353280678, -6.444778371153784e-11
-384857.7752655681, -3935.9104571899184, -6.421211652408041e-11
-384872.2730711598, -3950.3406015328096, -6.397698645346297e-11
-384886.73751190444, -3964.8924526708533, -6.374240582225707e-11
-384901.16763464507, -3979.5657883333274, -6.350838688530203e-11
-384915.56248712115, -3994.3603796583475, -6.327494182945273e-11
-384929.92111799965, -4009.2759911864423, -6.304208277332758e-11
-384944.24257690646, -4024.312380854034, -6.280982176705653e-11
-384958.5259144577, -4039.469299986827, -6.257817079202913e-11
-384972.77018229157, -4054.7464932931084, -6.234714176064259e-11
-384986.9744331003, -4070.1436988569603, -6.211674651604982e-11
-385001.13772066217, -4085.6606481313906, -6.188699683190735e-11
-385015.25909987406, -4101.297065931383, -6.165790441212304e-11
-385029.337626784, -4117.052670426869, -6.142948089060375e-11
-385043.37235862407, -4132.927173135622, -6.120173783100261e-11
-385057.36235384364, -4148.920278916091, -6.097468672646611e-11
-385071.30667214264, -4165.031685960152, -6.07483389993809e-11
-385085.2043745054, -4181.261085785805, -6.052270600112008e-11
-385099.0545232343, -4197.6081632298055, -6.029779901178928e-11
-385112.8561819843, -4214.072596440237, -6.007362923997217e-11
-385126.6084157972, -4230.654056869034, -5.985020782247552e-11
-385140.3102911363, -4247.352209264449, -5.962754582407378e-11
-385153.9608759218, -4264.166711663474, -5.940565423725302e-11
-385167.55923956586, -4281.097215384222, -5.918454398195442e-11
-385181.1044530082, -4298.143365018265, -5.896422590531697e-11
-385194.59558875224, -4315.304798422938, -5.874471078141964e-11
-385208.0317209012, -4332.581146713611, -5.852600931102277e-11
-385221.4119251946, -4349.972034255939, -5.830813212130885e-11
-385234.73527904536, -4367.47707865808, -5.809108976562236e-11
-385248.00086157664, -4385.095890762902, -5.7874892723209e-11
-385261.2077536597, -4402.828074640172, -5.765955139895403e-11
-385274.3550379515, -4420.673227578737, -5.744507612311975e-11
-385287.44179893297, -4438.630940078699, -5.723147715108213e-11
-385300.4671229475, -4456.700795843587, -5.701876466306655e-11
-385313.4300982399, -4474.882371772544, -5.68069487638826e-11
-385326.3298149955, -4493.175237952507, -5.659603948265793e-11
-385339.1653653797, -4511.578957650415, -5.638604677257114e-11
-385351.935843578, -4530.0930873054285, -5.617698051058367e-11
-385364.64034583623, -4548.717176521177, -5.596885049717067e-11
-385377.2779705012, -4567.450768058036, -5.5761666456050833e-11
-385389.8478180619, -4586.293397825438, -5.5555438033915184e-11
-385402.3489911905, -4605.2445948742225, -5.5350174800154785e-11
-385414.7805947846, -4624.303881389038, -5.514588624658735e-11
-385427.14173600916, -4643.470772680789, -5.494258178718275e-11
-385439.4315243392, -4662.744777179147, -5.474027075778741e-11
-385451.6490716027, -4682.125396425116, -5.453896241584754e-11
-385463.79349202383, -4701.6121250636825, -5.433866594013127e-11
-385475.8639022671, -4721.204450836522, -5.4139390430449536e-11
-385487.8594214812, -4740.901854574805, -5.3941144907375907e-11
-385499.7791713437, -4760.70381019208, -5.374393831196514e-11
-385511.6222761062, -4780.609784677256, -5.354777950547058e-11
-385523.38786263956, -4800.619238087686, -5.3352677269060375e-11
-385535.0750604799, -4820.731623542356, -5.3158640303532476e-11
-385546.683001875, -4840.946387215187, -5.296567722902843e-11
-385558.2108218308, -4861.26296832847, -5.277379658474596e-11
-385569.6576581586, -4881.680799146414, -5.2583006828650355e-11
-385581.0226515231, -4902.199304968838, -5.239331633718463e-11
-385592.3049454899, -4922.81790412501, -5.2204733404978455e-11
-385603.50368657435, -4943.536007967622, -5.201726624455592e-11
-385614.6180242904, -4964.353020866944, -5.183092298604206e-11
-385625.64711120026, -4985.26834020512, -5.164571167686818e-11
-385636.590102964, -5006.281356370658, -5.146164028147599e-11
-385647.44615839014, -5027.391452753086, -5.1278716681020556e-11
-385658.2144394863, -5048.598005737806, -5.109694867307204e-11
-385668.89411151083, -5069.900384701141, -5.091634397131632e-11
-385679.48434302426, -5091.29795200559, -5.0736910205254384e-11
-385689.9843059418, -5112.790062995294, -5.055865491990062e-11
-385700.39317558607, -5134.376065991727, -5.0381585575479984e-11
-385710.71013074036, -5156.055302289617, -5.020570954712399e-11
-385720.9343537023, -5177.827106153106, -5.003103412456566e-11
-385731.0650303381, -5199.690804812159, -4.985756651183337e-11
-385741.10135013756, -5221.645718459233, -4.9685313826943607e-11
-385751.04250626895, -5243.691160246209, -4.951428310159272e-11
-385760.88769563497, -5265.8264362816035, -4.934448128084765e-11
-385770.63611892896, -5288.050845628065, -4.917591522283563e-11
-385780.2869806918, -5310.363680300163, -4.900859169843298e-11
-385789.8394893689, -5332.7642252624855, -4.88425173909529e-11
-385799.2928573684, -5355.251758428051, -4.8677698895832386e-11
-385808.6463011192, -5377.825550657044, -4.851414272031827e-11
-385817.89904112974, -5400.484865755883, -4.835185528315241e-11
-385827.0503020478, -5423.228960476643, -4.8190842914256066e-11
-385836.09931271995, -5446.0570845168195, -4.803111185441349e-11
-385845.04530625214, -5468.968480519475, -4.7872668254954805e-11
-385853.8875200707, -5491.962384073749, -4.7715518177438186e-11
-385862.62519598386, -5515.0380237157615, -4.755966759333136e-11
-385871.2575802435, -5538.194620929919, -4.7405122383692525e-11
-385879.7839236082, -5561.431390150625, -4.725188833885069e-11
-385888.2034814058, -5584.74753876441, -4.709997115808549e-11
-385896.51551359746, -5608.142267112504, -4.694937644930657e-11
-385904.71928484156, -5631.614768493843, -4.680010972873247e-11
-385912.81406455854, -5655.164229168539, -4.6652176420569266e-11
-385920.79912699613, -5678.789828361814, -4.650558185668877e-11
-385928.67375129525, -5702.490738268415, -4.63603312763066e-11
-385936.4372215562, -5726.266124057522, -4.6216429825659954e-11
-385944.0888269056, -5750.11514387816, -4.607388255768531e-11
-385951.6278615639, -5774.036948865129, -4.5932694431696057e-11
-385959.0536249133, -5798.030683145461, -4.579287031306009e-11
-385966.3654215663, -5822.0954838454245, -4.565441497287749e-11
-385973.5625614348, -5846.2304810980795, -4.5517333087658346e-11
-385980.6443597996, -5870.434798051401, -4.538162923900074e-11
-385987.6101373807, -5894.707550876991, -4.5247307913269055e-11
-385994.45922040794, -5919.047848779375, -4.511437350127263e-11
-386001.1909406922, -5943.454794005918, -4.498283029794482e-11
-386007.80463569734, -5967.927481857352, -4.48526825020226e-11
-386014.29964861233, -5992.46500069895, -4.472393421572671e-11
-386020.6753284244, -6017.066431972339, -4.459658944444258e-11
-386026.931029992, -6041.73085020799, -4.447065209640192e-11
-386033.0661141193, -6066.457323038374, -4.434612598236522e-11
-386039.0799476303, -6091.244911211814, -4.422301481530519e-11
-386044.97190344374, -6116.092668607051, -4.4101322210091257e-11
-386050.74136064906, -6140.999642248523, -4.398105168317515e-11
-386056.387704582, -6165.9648723223845, -4.386220665227781e-11
-386061.9103269016, -6190.987392193278, -4.3744790436077575e-11
-386067.30862566695, -6216.066228421868, -4.362880625389981e-11
-386072.582005415, -6241.200400783162, -4.3514257225408153e-11
-386077.7298772387, -6266.388922285626, -4.340114637029735e-11
-386082.7516588655, -6291.630799191109, -4.3289476607987904e-11
-386087.64677473664, -6316.925031035601, -4.3179250757322605e-11
-386092.41465608677, -6342.270610650833, -4.3070471536265056e-11
-386097.0547410239, -6367.666524186733, -4.296314156160035e-11
-386101.5664746104, -6393.11175113476, -4.285726334863794e-11
-386105.94930894364, -6418.605264352132, -4.275283931091698e-11
-386110.202703238, -6444.146030086953, -4.2649871759914045e-11
-386114.32612390665, -6469.733008004276, -4.2548362904753516e-11
-386118.3190446442, -6495.365151213093, -4.244831485192077e-11
-386122.1809465096, -6521.04140629429, -4.234972960497827e-11
-386125.91131800966, -6546.760713329573, -4.2252609064284616e-11
-386129.50965518295, -6572.522005931384, -4.215695502671686e-11
-386132.975461684, -6598.324211273821, -4.20627691853961e-11
-386136.30824886804, -6624.166250124583, -4.197005312941651e-11
-386139.50753587624, -6650.047036877955, -4.187880834357804e-11
-386142.57284972136, -6675.965479588853, -4.178903620812289e-11
-386145.5037253735, -6701.920480007936, -4.1700737998475824e-11
-386148.2997058466, -6727.910933617817, -4.1613914884988656e-11
-386150.9603422853, -6753.9357296703765, -4.1528567932688926e-11
-386153.4851940519, -6779.993751225206, -4.1444698101032996e-11
-386155.8738288138, -6806.083875189192, -4.136230624366371e-11
-386158.1258226315, -6832.204972357261, -4.12813931081728e-11
-386160.2407600469, -6858.3559074543, -4.120195933586819e-11
-386162.2182341712, -6884.53553917828, -4.112400546154637e-11
-386164.0578467745, -6910.742720244578, -4.104753191327009e-11
-386165.7592083744, -6936.976297431546, -4.097253901215141e-11
-386167.32193832565, -6963.235111627312, -4.0899026972140456e-11
-386168.74566490966, -6989.517997877855, -4.082699589981992e-11
-386170.0300254246, -7015.823785436361, -4.075644579420557e-11
-386171.17466627556, -7042.1512978138735, -4.0687376546552986e-11
-386172.179243065, -7068.4993528312725, -4.061978794017065e-11
-386173.04342068336, -7094.866762672574, -4.055367965023958e-11
-386173.76687339984, -7121.252333939592, -4.0489051243639796e-11
-386174.34928495367, -7147.654867707967, -4.042590217878374e-11
-386174.79034864507, -7174.073159584581, -4.036423180545686e-11
-386175.0897674268, -7200.505999766374, -4.030403936466563e-11
-386175.2472539955, -7226.952173100584, -4.024532398849309e-11
-386175.2625308834, -7253.410459146429, -4.01880846999623e-11
-386175.13533055, -7279.879632238235, -4.0132320412907724e-11
-386174.86539547384, -7306.358461550041, -4.007802993185491e-11
-386174.4524782443, -7332.845711161698, -4.00252119519086e-11
-386173.89634165366, -7359.340140126461, -3.997386505864958e-11
-386173.1967587887, -7385.840502540115, -3.992398772804034e-11
-386172.353513123, -7412.345547611632, -3.9875578326339957e-11
-386171.36639860837, -7438.854019735386, -3.982863511002831e-11
-386170.235219767, -7465.364658564934, -3.978315622573987e-11
-386168.9597917831, -7491.8761990883895, -3.9739139710207345e-11
-386167.5399405945, -7518.387371705394, -3.9696583490215376e-11
-386165.9755029843, -7544.896902305704, -3.965548538256452e-11
-386164.2663266721, -7571.4035123494195, -3.961584309404579e-11
-386162.41227040545, -7597.905918948845, -3.957765422142597e-11
-386160.4132040507, -7624.4028349520295, -3.9540916251443964e-11
-386158.2690086839, -7650.892969027971, -3.950562656081836e-11
-386155.97957668145, -7677.375025753518, -3.9471782416266586e-11
-386153.5448118102, -7703.847705701971, -3.943938097453577e-11
-386150.9646293176, -7730.30970553341, -3.940841928244562e-11
-386148.2389560212, -7756.759718086747, -3.93788942769436e-11
-386145.36773039825, -7783.196432473523, -3.935080278517257e-11
-386142.35090267437, -7809.618534173465, -3.932414152455122e-11
-386139.188434912, -7836.024705131816, -3.9298907102867527e-11
-386135.88030109875, -7862.41362385843, -3.9275096018385464e-11
-386132.4264872346, -7888.783965528682, -3.925270465996528e-11
-386128.82699141925, -7915.1344020861625, -3.9231729307197534e-11
-386125.0818239385, -7941.463602347197, -3.921216613055117e-11
-386121.1910073502, -7967.770232107181, -3.9194011191535943e-11
-386117.1545765695, -7994.052954248755, -3.9177260442879346e-11
-386112.97257895366, -8020.310428851818, -3.9161909728718397e-11
-386108.6450743859, -8046.541313305393, -3.9147954784806486e-11
-386104.1721353589, -8072.74426242135, -3.913539123873556e-11
-386099.553847057, -8098.91792855, -3.91242146101739e-11
-386094.7903074381, -8125.0609616975535, -3.911442031111977e-11
-386089.8816273147, -8151.172009645464, -3.910600364617113e-11
-386084.8279304338, -8177.249718071656, -3.909895981281174e-11
-386079.62935355597, -8203.292730673646, -3.9093283901713895e-11
-386074.2860465337, -8229.299689293543, -3.9088970897058004e-11
-386068.7981723887, -8255.269234044967, -3.9086015676869304e-11
-386063.1659073877, -8281.200003441856, -3.9084413013371953e-11
-386057.3894411181, -8307.090634529179, -3.908415757336075e-11
-386051.46897656174, -8332.939763015547, -3.908524391859072e-11
-386045.4047301679, -8358.746023407744, -3.908766650618481e-11
-386039.19693192485, -8384.508049147145, -3.9091419689059974e-11
-386032.84582543065, -8410.224472748054, -3.909649771637183e-11
-386026.3516679621, -8435.893925937931, -3.910289473397816e-11
-386019.71473054285, -8461.515039799528, -3.9110604784921513e-11
-386012.93529800983, -8487.086444914916, -3.9119621809931064e-11
-386006.01366907853, -8512.60677151141, -3.912993964794404e-11
-385998.9501564066, -8538.07464960937, -3.914155203664692e-11
-385991.7450866563, -8563.488709171896, -3.915445261303655e-11
-385984.3988005549, -8588.84758025638, -3.91686349140015e-11
-385976.9116529541, -8614.149893167943, -3.918409237692384e-11
-385969.2840128874, -8639.394278614707, -3.9200818340301495e-11
-385961.5162636259, -8664.57936786493, -3.92188060443914e-11
-385953.6088027324, -8689.703792905962, -3.9238048631873734e-11
-385945.5620421139, -8714.766186605038, -3.925853914853728e-11
-385937.37640807213, -8739.765182871864, -3.9280270543986224e-11
-385929.05234135204, -8764.699416823003, -3.930323567236851e-11
-385920.5902971887, -8789.567524948048, -3.9327427293125915e-11
-385911.99074535223, -8814.368145277545, -3.935283807176606e-11
-385903.25417019037, -8839.099917552667, -3.937946058065648e-11
-385894.38107066957, -8863.761483396605, -3.940728729984089e-11
-385885.37196041347, -8888.35148648768, -3.9436310617877846e-11
-385876.2273677394, -8912.868572734113, -3.94665228327019e-11
-385866.9478356929, -8937.311390450479, -3.949791615250734e-11
-385857.5339220797, -8961.678590535781, -3.953048269665478e-11
-385847.98619949556, -8985.968826653143, -3.9564214496600485e-11
-385838.3052553536, -9010.18075541108, -3.959910349684875e-11
-385828.4916919098, -9034.31303654633, -3.9635141555927324e-11
-385818.5461262851, -9058.364333108206, -3.967232044738591e-11
-385808.469190486, -9082.333311644456, -3.971063186081799e-11
-385798.261531422, -9106.21864238857, -3.97500674029058e-11
-385787.9238109206, -9130.018999448532, -3.979061859848875e-11
-385777.45670574, -9153.733060996956, -3.9832276891655136e-11
-385766.8609075785, -9177.35950946259, -3.98750336468573e-11
-385756.13712308183, -9200.897031723143, -3.9918880150050165e-11
-385745.2860738473, -9224.344319299385, -3.996380760985327e-11
